1.99	108.3713	0	0	0	1.27E-04
4.99	43.2368	0.0129	0.0129	2.3188	3.88E-04
9.97	21.6114	0.0344	0.0215	6.1924	1.42E-03
11.97	18.011	0.0398	0.0054	7.1673	1.96E-03
14.96	14.4092	0.0495	0.0097	8.9065	2.86E-03
18.42	11.7	0.0574	0.0079	10.3294	2.66E-03
19.91	10.8284	0.059	0.0016	10.6192	2.70E-03
19.96	10.7979	0.059	0	10.6192	2.71E-03
21.21	10.1639	0.0611	0.002	10.9881	2.83E-03
22.19	9.7136	0.0631	0.002	11.357	2.76E-03
23.17	9.3008	0.0637	0.0006	11.4625	2.56E-03
23.96	8.9976	0.065	0.0013	11.6996	2.24E-03
24.8	8.6905	0.066	0.001	11.8841	1.78E-03
24.96	8.6362	0.066	0	11.8841	1.70E-03
38.63	5.5801	0.0666	0.0006	11.9895	1.16E-03
42.4	5.0835	0.0675	0.0009	12.1476	2.18E-03
46.19	4.6667	0.0688	0.0013	12.3847	2.98E-03
54.25	3.9734	0.0712	0.0023	12.8063	3.82E-03
61.7	3.4937	0.0732	0.002	13.1752	4.65E-03
66.59	3.2368	0.0748	0.0016	13.4651	5.36E-03
72.69	2.9651	0.0758	0.001	13.6495	5.60E-03
79.6	2.708	0.078	0.0022	14.0448	5.37E-03
80.9	2.6645	0.0782	0.0001	14.0711	5.53E-03
89.26	2.4147	0.0789	0.0007	14.2029	5.94E-03
99.28	2.171	0.0811	0.0022	14.5982	7.31E-03
100.74	2.1395	0.0813	0.0001	14.6245	7.52E-03
123.66	1.743	0.0845	0.0032	15.2042	9.19E-03
132.37	1.6284	0.0858	0.0013	15.4414	1.02E-02
139.43	1.5459	0.0862	0.0004	15.5204	1.03E-02
147.69	1.4595	0.0876	0.0013	15.7576	1.00E-02
151.94	1.4186	0.0881	0.0006	15.863	9.75E-03
173.93	1.2392	0.0895	0.0013	16.1001	9.75E-03
194.88	1.106	0.0908	0.0013	16.3373	1.33E-02
200.28	1.0762	0.0917	0.0009	16.4954	1.43E-02
242.5	0.8888	0.0946	0.0029	17.0224	1.73E-02
267.35	0.8062	0.0962	0.0016	17.3123	2.26E-02
294.76	0.7313	0.0977	0.0015	17.5758	2.79E-02
300.71	0.7168	0.0988	0.0012	17.7866	2.90E-02
357.31	0.6032	0.1023	0.0035	18.419	3.69E-02
429.81	0.5015	0.1069	0.0045	19.2358	4.74E-02
472.61	0.4561	0.1089	0.002	19.6047	6.06E-02
503.62	0.428	0.1108	0.0019	19.9473	7.50E-02
569.16	0.3787	0.1157	0.0048	20.8169	1.11E-01
672.44	0.3205	0.1239	0.0082	22.2925	1.88E-01
706.65	0.305	0.1272	0.0034	22.8986	2.27E-01
765.76	0.2815	0.1329	0.0057	23.9262	3.19E-01
827.27	0.2606	0.1409	0.0079	25.3491	4.52E-01
877.53	0.2456	0.1483	0.0075	26.693	5.86E-01
953	0.2262	0.1625	0.0142	29.249	7.77E-01
997	0.2162	0.171	0.0085	30.7773	8.77E-01
1045.65	0.2061	0.1816	0.0105	32.6746	9.72E-01
1094.46	0.1969	0.1906	0.0091	34.3083	1.05E+00
1147.45	0.1878	0.2009	0.0102	36.1528	1.14E+00
1203.33	0.1791	0.2116	0.0107	38.0764	1.22E+00
1254.71	0.1718	0.2208	0.0092	39.7365	1.30E+00
1303.53	0.1654	0.229	0.0082	41.2121	1.38E+00
1350.26	0.1596	0.2382	0.0092	42.8722	1.44E+00
1397.3	0.1543	0.2466	0.0083	44.3742	1.50E+00
1437.61	0.1499	0.253	0.0064	45.5336	1.55E+00
1489.64	0.1447	0.2618	0.0088	47.1146	1.61E+00
1545.52	0.1395	0.2707	0.0089	48.722	1.68E+00
1609.28	0.1339	0.2801	0.0094	50.4084	1.75E+00
1664.2	0.1295	0.2873	0.0072	51.6996	1.80E+00
1721.54	0.1252	0.2955	0.0082	53.1752	1.84E+00
1779.35	0.1211	0.3044	0.0089	54.7826	1.88E+00
1843.43	0.1169	0.3132	0.0088	56.3636	1.92E+00
1906.54	0.1131	0.3206	0.0075	57.7075	1.96E+00
1969.18	0.1095	0.3274	0.0067	58.9196	1.99E+00
2004.84	0.1075	0.331	0.0037	59.5784	2.00E+00
2079.04	0.1037	0.3387	0.0076	60.9486	2.02E+00
2162.24	0.0997	0.347	0.0083	62.4506	2.06E+00
2239.97	0.0962	0.3546	0.0076	63.8208	2.10E+00
2324.94	0.0927	0.3624	0.0078	65.2174	2.14E+00
2405.09	0.0896	0.3696	0.0072	66.5086	2.17E+00
2494.72	0.0864	0.3763	0.0067	67.7207	2.19E+00
2576.63	0.0837	0.3829	0.0066	68.9065	2.20E+00
2690.2	0.0801	0.3903	0.0075	70.2503	2.20E+00
2717.82	0.0793	0.3931	0.0028	70.751	2.21E+00
2816.93	0.0765	0.3987	0.0056	71.7523	2.22E+00
2919.42	0.0738	0.4048	0.0061	72.859	2.23E+00
3005.84	0.0717	0.4094	0.0045	73.6759	2.24E+00
3002.46	0.0718	0.4094	0	73.6759	2.24E+00
3131.79	0.0688	0.4158	0.0064	74.8353	2.25E+00
3279.67	0.0657	0.4234	0.0076	76.2055	2.24E+00
3400.11	0.0634	0.4287	0.0053	77.1542	2.24E+00
3532.47	0.061	0.4344	0.0057	78.1818	2.24E+00
3688.17	0.0584	0.4398	0.0054	79.1568	2.21E+00
3834.01	0.0562	0.4447	0.0048	80.0264	2.17E+00
3966.96	0.0543	0.4492	0.0045	80.8432	2.13E+00
4136.36	0.0521	0.454	0.0048	81.7128	2.11E+00
4356.64	0.0495	0.4594	0.0054	82.6878	2.08E+00
4522.3	0.0477	0.4628	0.0034	83.2938	2.05E+00
4670.95	0.0461	0.4665	0.0037	83.9526	2.01E+00
4828.35	0.0446	0.4691	0.0026	84.4269	1.98E+00
4899.65	0.044	0.4716	0.0025	84.8748	1.97E+00
5042.22	0.0427	0.4735	0.0019	85.2174	1.95E+00
5307.43	0.0406	0.4773	0.0038	85.9025	1.91E+00
5490.83	0.0393	0.4801	0.0028	86.4032	1.89E+00
5769.16	0.0374	0.483	0.0029	86.9302	1.86E+00
5975.71	0.0361	0.4862	0.0032	87.5099	1.86E+00
6259.1	0.0344	0.4887	0.0025	87.9578	1.86E+00
6245.6	0.0345	0.4887	0	87.9578	1.86E+00
6592.61	0.0327	0.4925	0.0038	88.643	1.82E+00
6982.04	0.0309	0.4959	0.0034	89.249	1.78E+00
7404.24	0.0291	0.4988	0.0029	89.776	1.75E+00
7828.37	0.0275	0.5012	0.0023	90.1976	1.75E+00
8294.91	0.026	0.5044	0.0032	90.7773	1.76E+00
8751.82	0.0246	0.5066	0.0022	91.1726	1.78E+00
9137.39	0.0236	0.5091	0.0025	91.6206	1.79E+00
9677.2	0.0223	0.511	0.0019	91.9631	1.79E+00
10031.92	0.0215	0.5125	0.0015	92.2266	1.78E+00
10471.48	0.0206	0.5138	0.0013	92.4638	1.73E+00
10909.11	0.0198	0.5157	0.0019	92.8063	1.71E+00
11516.39	0.0187	0.5177	0.002	93.1752	1.74E+00
12006.07	0.018	0.5186	0.0009	93.3333	1.74E+00
12482.26	0.0173	0.5196	0.001	93.5178	1.74E+00
13170.51	0.0164	0.5215	0.0019	93.8604	1.71E+00
14001.43	0.0154	0.5233	0.0018	94.1766	1.82E+00
14489.19	0.0149	0.5243	0.001	94.361	1.85E+00
15229.5	0.0142	0.5252	0.0009	94.5191	1.84E+00
15751.95	0.0137	0.5264	0.0012	94.7299	1.85E+00
15989.08	0.0135	0.5271	0.0007	94.8617	1.85E+00
16943.39	0.0127	0.5283	0.0012	95.0725	1.93E+00
18046.14	0.0119	0.5297	0.0015	95.336	2.06E+00
19091.06	0.0113	0.531	0.0013	95.5731	2.07E+00
20006.8	0.0108	0.5324	0.0013	95.8103	2.22E+00
21709.13	0.0099	0.5344	0.002	96.1792	2.41E+00
22013.74	0.0098	0.5344	0	96.1792	2.45E+00
23249.52	0.0093	0.5359	0.0015	96.4427	2.52E+00
23989.83	0.009	0.5369	0.001	96.6271	2.62E+00
25661.31	0.0084	0.5381	0.0012	96.8379	2.84E+00
25963.99	0.0083	0.5387	0.0006	96.9433	2.87E+00
27670.17	0.0078	0.54	0.0013	97.1805	2.83E+00
27913.08	0.0077	0.5406	0.0006	97.2859	2.81E+00
29139.22	0.0074	0.5414	0.0009	97.444	2.68E+00
29908.45	0.0072	0.542	0.0006	97.5494	2.57E+00
32443.63	0.0066	0.5433	0.0013	97.7866	2.43E+00
34865.07	0.0062	0.5439	0.0006	97.892	2.47E+00
37652.8	0.0057	0.5451	0.0012	98.1028	2.47E+00
37868.72	0.0057	0.5458	0.0007	98.2345	2.47E+00
39891.09	0.0054	0.5467	0.0009	98.3926	2.37E+00
44782.16	0.0048	0.5474	0.0007	98.5244	2.71E+00
49438.03	0.0044	0.5482	0.0007	98.6561	6.31E+00
49653.95	0.0043	0.5489	0.0007	98.7879	6.44E+00
49812.04	0.0043	0.5492	0.0003	98.8406	6.52E+00
54367.64	0.004	0.5521	0.0029	99.3676	7.62E+00
54479.46	0.004	0.5533	0.0012	99.5784	7.64E+00
54778.28	0.0039	0.5537	0.0004	99.6574	7.70E+00
56457.47	0.0038	0.5556	0.0019	100	8.35E+00
59759.96	0.0036	0.5556	0	100	8.72E+00
