HOLE:	995B
LEG:	164
TOP:	150.876007
BOTTOM:	658.977600
DEPTH_WMSF	CALI
m	in
150.8760	13.1754
151.0284	13.2694
151.1808	13.2802
151.3332	12.9778
151.4856	12.9378
151.6380	13.7634
151.7904	12.9786
151.9428	13.6414
152.0952	13.6516
152.2476	13.5725
152.4000	13.3874
152.5524	13.5829
152.7048	13.6126
152.8572	13.4814
153.0096	13.6365
153.1620	13.6351
153.3144	13.1028
153.4668	13.1370
153.6192	13.1388
153.7716	13.1239
153.9240	13.1066
154.0764	13.1953
154.2288	12.5307
154.3812	12.5163
154.5336	12.5520
154.6860	12.5605
154.8384	12.5702
154.9908	12.5362
155.1432	12.6050
155.2956	13.1414
155.4480	12.9812
155.6004	12.7571
155.7528	12.7714
155.9052	12.7583
156.0576	12.8297
156.2100	12.9529
156.3624	12.7651
156.5148	12.7515
156.6672	12.7406
156.8196	12.7931
156.9720	12.8199
157.1244	12.8564
157.2768	12.9171
157.4292	12.9589
157.5816	13.0205
157.7340	13.4954
157.8864	13.1084
158.0388	13.8873
158.1912	14.1140
158.3436	13.6729
158.4960	12.6961
158.6484	13.0684
158.8008	13.5465
158.9532	13.1814
159.1056	12.6964
159.2580	12.8109
159.4104	12.9055
159.5628	12.8187
159.7152	12.6722
159.8676	13.0684
160.0200	12.9863
160.1724	12.2192
160.3248	12.2138
160.4772	12.2213
160.6296	12.2355
160.7820	12.2736
160.9344	12.2640
161.0868	12.2201
161.2392	12.2069
161.3916	12.2505
161.5440	12.6891
161.6964	13.3140
161.8488	13.5956
162.0012	13.6119
162.1536	13.6655
162.3060	13.0369
162.4584	12.9368
162.6108	14.3047
162.7632	15.0383
162.9156	15.3944
163.0680	14.7852
163.2204	14.9275
163.3728	14.6117
163.5252	14.6578
163.6776	14.8204
163.8300	14.6396
163.9824	13.8657
164.1348	14.3655
164.2872	14.8172
164.4396	14.8434
164.5920	14.2318
164.7444	15.0776
164.8968	15.4340
165.0492	14.8350
165.2016	13.9559
165.3540	14.4101
165.5064	14.3646
165.6588	14.9181
165.8112	14.5654
165.9636	14.7651
166.1160	14.8572
166.2684	14.4328
166.4208	14.2331
166.5732	14.1164
166.7256	14.1092
166.8780	14.7017
167.0304	14.7573
167.1828	13.7724
167.3352	13.7803
167.4876	13.7312
167.6400	15.3169
167.7924	16.7865
167.9448	16.7311
168.0972	15.1483
168.2496	13.3680
168.4020	14.0579
168.5544	13.4578
168.7068	13.3907
168.8592	13.5818
169.0116	14.1166
169.1640	14.1230
169.3164	13.7769
169.4688	13.7202
169.6212	13.7907
169.7736	13.8078
169.9260	13.2922
170.0784	13.2973
170.2308	13.4612
170.3832	13.5294
170.5356	14.7344
170.6880	15.1643
170.8404	13.8193
170.9928	14.2493
171.1452	14.0093
171.2976	13.8831
171.4500	13.8841
171.6024	13.8814
171.7548	13.8856
171.9072	13.8866
172.0596	13.8832
172.2120	13.8832
172.3644	13.8838
172.5168	13.8829
172.6692	13.8805
172.8216	13.9978
172.9740	14.2674
173.1264	14.1883
173.2788	14.2674
173.4312	14.5955
173.5836	13.6637
173.7360	13.7730
173.8884	13.8254
174.0408	14.8284
174.1932	15.6532
174.3456	15.6420
174.4980	15.5402
174.6504	14.8230
174.8028	14.8825
174.9552	15.3028
175.1076	14.7760
175.2600	14.2101
175.4124	14.1283
175.5648	14.1285
175.7172	14.1358
175.8696	14.3544
176.0220	14.4701
176.1744	14.4620
176.3268	14.2721
176.4792	15.1426
176.6316	15.3188
176.7840	15.2440
176.9364	14.3755
177.0888	14.0682
177.2412	14.0985
177.3936	13.9292
177.5460	14.8599
177.6984	17.1037
177.8508	16.8923
178.0032	16.5985
178.1556	14.3004
178.3080	13.7926
178.4604	13.7255
178.6128	13.7318
178.7652	13.7290
178.9176	13.7352
179.0700	13.7255
179.2224	13.9191
179.3748	13.6481
179.5272	13.5534
179.6796	13.5631
179.8320	14.1339
179.9844	14.2747
180.1368	13.7787
180.2892	13.7866
180.4416	15.4229
180.5940	17.4339
180.7464	17.4250
180.8988	18.0901
181.0512	17.8811
181.2036	17.8365
181.3560	18.0723
181.5084	18.0722
181.6608	18.3216
181.8132	17.7382
181.9656	16.1727
182.1180	15.2695
182.2704	15.8607
182.4228	15.8741
182.5752	15.5715
182.7276	15.1264
182.8800	14.7891
183.0324	15.1600
183.1848	15.6231
183.3372	16.2084
183.4896	15.9461
183.6420	15.5182
183.7944	14.8688
183.9468	15.2309
184.0992	15.6298
184.2516	15.6028
184.4040	15.0831
184.5564	14.7632
184.7088	14.9878
184.8612	14.8954
185.0136	14.7583
185.1660	15.3367
185.3184	14.6248
185.4708	14.6210
185.6232	14.6200
185.7756	14.6533
185.9280	15.3536
186.0804	15.7044
186.2328	14.7922
186.3852	13.9106
186.5376	14.1012
186.6900	14.3416
186.8424	15.0057
186.9948	15.0176
187.1472	15.9246
187.2996	15.9161
187.4520	15.5866
187.6044	16.6558
187.7568	15.3061
187.9092	16.0785
188.0616	16.0383
188.2140	15.0862
188.3664	14.7795
188.5188	15.0906
188.6712	16.9588
188.8236	17.0092
188.9760	16.1224
189.1284	15.6886
189.2808	16.1774
189.4332	16.1860
189.5856	16.1799
189.7380	16.5020
189.8904	17.1314
190.0428	15.9596
190.1952	14.0777
190.3476	14.0177
190.5000	14.7217
190.6524	16.9200
190.8048	18.4466
190.9572	18.4322
191.1096	18.4355
191.2620	18.4062
191.4144	18.3835
191.5668	16.8564
191.7192	17.8393
191.8716	17.9347
192.0240	18.4445
192.1764	18.4698
192.3288	18.4700
192.4812	18.4680
192.6336	17.6953
192.7860	18.3907
192.9384	18.4400
193.0908	17.8765
193.2432	16.9922
193.3956	17.7685
193.5480	17.2376
193.7004	15.1204
193.8528	15.1313
194.0052	15.6034
194.1576	15.8351
194.3100	16.8428
194.4624	15.7282
194.6148	15.0369
194.7672	15.0411
194.9196	15.1270
195.0720	15.1204
195.2244	15.5225
195.3768	15.4828
195.5292	15.3315
195.6816	16.2360
195.8340	16.8477
195.9864	16.4504
196.1388	14.3010
196.2912	14.3091
196.4436	15.2357
196.5960	18.1001
196.7484	18.3736
196.9008	16.5336
197.0532	15.0605
197.2056	16.0175
197.3580	15.4937
197.5104	15.5505
197.6628	16.6735
197.8152	17.8795
197.9676	18.4364
198.1200	18.4651
198.2724	17.6415
198.4248	15.6489
198.5772	15.3021
198.7296	15.3211
198.8820	16.7511
199.0344	15.6531
199.1868	15.6517
199.3392	15.6485
199.4916	15.6539
199.6440	15.4580
199.7964	15.4804
199.9488	15.5171
200.1012	15.5339
200.2536	15.7441
200.4060	15.5694
200.5584	15.5266
200.7108	15.5151
200.8632	15.2230
201.0156	15.7116
201.1680	15.8306
201.3204	15.9979
201.4728	17.4478
201.6252	17.1626
201.7776	17.2921
201.9300	17.5130
202.0824	17.3713
202.2348	17.5268
202.3872	17.5809
202.5396	15.9884
202.6920	15.6555
202.8444	15.6583
202.9968	15.9998
203.1492	16.4104
203.3016	16.2075
203.4540	16.1496
203.6064	16.0076
203.7588	17.3742
203.9112	16.3636
204.0636	16.3213
204.2160	16.3155
204.3684	16.6248
204.5208	17.2643
204.6732	17.6795
204.8256	18.3635
204.9780	18.4379
205.1304	18.0010
205.2828	15.5002
205.4352	15.3879
205.5876	15.2675
205.7400	14.8909
205.8924	14.8932
206.0448	14.9027
206.1972	14.9790
206.3496	16.0316
206.5020	17.0290
206.6544	17.7458
206.8068	17.9153
206.9592	17.0418
207.1116	17.5958
207.2640	18.3480
207.4164	18.2345
207.5688	18.3219
207.7212	15.6100
207.8736	15.3357
208.0260	15.0794
208.1784	15.6561
208.3308	17.9565
208.4832	18.3382
208.6356	18.4663
208.7880	18.4673
208.9404	17.0922
209.0928	15.3732
209.2452	15.1445
209.3976	15.1561
209.5500	15.2383
209.7024	15.9460
209.8548	15.9647
210.0072	15.9716
210.1596	15.9695
210.3120	15.9661
210.4644	17.6280
210.6168	18.4738
210.7692	18.4671
210.9216	18.4541
211.0740	18.2655
211.2264	15.9718
211.3788	16.3141
211.5312	16.4491
211.6836	18.2937
211.8360	18.4675
211.9884	18.4631
212.1408	18.4746
212.2932	18.4717
212.4456	18.4650
212.5980	18.4388
212.7504	18.4340
212.9028	18.4426
213.0552	18.4322
213.2076	18.4437
213.3600	18.4437
213.5124	18.4594
213.6648	18.4738
213.8172	18.4406
213.9696	18.4456
214.1220	18.4443
214.2744	18.4727
214.4268	18.4628
214.5792	18.4627
214.7316	18.4603
214.8840	18.4674
215.0364	18.4414
215.1888	18.4388
215.3412	18.4409
215.4936	18.4398
215.6460	18.4078
215.7984	18.3522
215.9508	18.1826
216.1032	18.4035
216.2556	18.4409
216.4080	18.4276
216.5604	18.2155
216.7128	18.0365
216.8652	18.0200
217.0176	17.2947
217.1700	17.8874
217.3224	17.5274
217.4748	17.5858
217.6272	17.1796
217.7796	17.8100
217.9320	18.4375
218.0844	18.4417
218.2368	18.4357
218.3892	18.4362
218.5416	18.4380
218.6940	17.9077
218.8464	16.8865
218.9988	16.9352
219.1512	16.9153
219.3036	16.9597
219.4560	17.1610
219.6084	17.1077
219.7608	17.2672
219.9132	18.2068
220.0656	18.4486
220.2180	18.4253
220.3704	18.4098
220.5228	18.4099
220.6752	18.4109
220.8276	18.3982
220.9800	18.2617
221.1324	17.5129
221.2848	17.4365
221.4372	17.1235
221.5896	16.8379
221.7420	16.0951
221.8944	15.5955
222.0468	15.5729
222.1992	14.7259
222.3516	14.0737
222.5040	14.0659
222.6564	14.0784
222.8088	14.1492
222.9612	14.6119
223.1136	14.7288
223.2660	14.7325
223.4184	14.9915
223.5708	14.3314
223.7232	13.8427
223.8756	13.6653
224.0280	13.3843
224.1804	13.4082
224.3328	13.3654
224.4852	13.2392
224.6376	13.5007
224.7900	14.6119
224.9424	14.7300
225.0948	14.7932
225.2472	15.8865
225.3996	17.1371
225.5520	17.3730
225.7044	18.2247
225.8568	18.2809
226.0092	18.1387
226.1616	18.2311
226.3140	17.6602
226.4664	16.4806
226.6188	16.4377
226.7712	16.6858
226.9236	15.6100
227.0760	15.1804
227.2284	15.1860
227.3808	15.1882
227.5332	16.1036
227.6856	18.3372
227.8380	18.2763
227.9904	18.0796
228.1428	16.7702
228.2952	16.9561
228.4476	17.6238
228.6000	17.2791
228.7524	16.4995
228.9048	16.1756
229.0572	16.5467
229.2096	16.5511
229.3620	16.9722
229.5144	17.1316
229.6668	18.3316
229.8192	18.3455
229.9716	18.3130
230.1240	17.7281
230.2764	16.3162
230.4288	16.2833
230.5812	16.2907
230.7336	16.6494
230.8860	17.4090
231.0384	17.9113
231.1908	15.6621
231.3432	14.6326
231.4956	14.6786
231.6480	14.0340
231.8004	14.7371
231.9528	15.5368
232.1052	16.6510
232.2576	16.4929
232.4100	16.2067
232.5624	16.1234
232.7148	15.5446
232.8672	15.6351
233.0196	15.6846
233.1720	15.8097
233.3244	16.1138
233.4768	16.1156
233.6292	16.4108
233.7816	16.9035
233.9340	16.9351
234.0864	16.2622
234.2388	14.7417
234.3912	14.0930
234.5436	14.4512
234.6960	14.0003
234.8484	13.9983
235.0008	14.2446
235.1532	15.4836
235.3056	15.5744
235.4580	15.1913
235.6104	15.8650
235.7628	16.3148
235.9152	16.3916
236.0676	17.3816
236.2200	17.8033
236.3724	17.2954
236.5248	14.0958
236.6772	14.0316
236.8296	14.0130
236.9820	13.9986
237.1344	13.9955
237.2868	13.6249
237.4392	13.2342
237.5916	13.2387
237.7440	13.2412
237.8964	13.4577
238.0488	13.5852
238.2012	13.2999
238.3536	13.3366
238.5060	13.3315
238.6584	13.5506
238.8108	14.5342
238.9632	14.2815
239.1156	14.2720
239.2680	14.6411
239.4204	14.7420
239.5728	14.5947
239.7252	14.5968
239.8776	14.5928
240.0300	14.6532
240.1824	14.7001
240.3348	14.5211
240.4872	14.3766
240.6396	14.3707
240.7920	14.3737
240.9444	14.3747
241.0968	14.2637
241.2492	14.7026
241.4016	14.9029
241.5540	14.7725
241.7064	14.4857
241.8588	14.0699
242.0112	14.0760
242.1636	14.0722
242.3160	14.3160
242.4684	14.3493
242.6208	13.2982
242.7732	13.2204
242.9256	13.3634
243.0780	13.1134
243.2304	14.2958
243.3828	14.1656
243.5352	13.4999
243.6876	13.3907
243.8400	13.6391
243.9924	13.6603
244.1448	13.9667
244.2972	13.7451
244.4496	13.7759
244.6020	13.8149
244.7544	14.1186
244.9068	14.2930
245.0592	14.8257
245.2116	17.1428
245.3640	17.4175
245.5164	16.6884
245.6688	14.4868
245.8212	14.0592
245.9736	13.8004
246.1260	13.8031
246.2784	13.8021
246.4308	13.8030
246.5832	13.8867
246.7356	13.9700
246.8880	13.9832
247.0404	14.9245
247.1928	15.6711
247.3452	15.5058
247.4976	15.2532
247.6500	15.6093
247.8024	16.0935
247.9548	16.1451
248.1072	16.1481
248.2596	16.1334
248.4120	15.4746
248.5644	15.0379
248.7168	15.0601
248.8692	15.2760
249.0216	16.4492
249.1740	17.0222
249.3264	16.9806
249.4788	15.7428
249.6312	16.0179
249.7836	16.4678
249.9360	18.0811
250.0884	18.4376
250.2408	18.2902
250.3932	14.7322
250.5456	14.2783
250.6980	14.2130
250.8504	14.1647
251.0028	14.0898
251.1552	14.0476
251.3076	14.2093
251.4600	14.4202
251.6124	14.4365
251.7648	15.6460
251.9172	16.5001
252.0696	15.9684
252.2220	15.2939
252.3744	14.6780
252.5268	15.1479
252.6792	16.5294
252.8316	16.3579
252.9840	14.9342
253.1364	14.5263
253.2888	14.8745
253.4412	14.8818
253.5936	14.9392
253.7460	16.9152
253.8984	18.3988
254.0508	18.4094
254.2032	18.2738
254.3556	17.9527
254.5080	16.8068
254.6604	16.2318
254.8128	15.4689
254.9652	14.1837
255.1176	14.0777
255.2700	14.2530
255.4224	14.5032
255.5748	13.9475
255.7272	13.9409
255.8796	13.9708
256.0320	14.2071
256.1844	14.3211
256.3368	14.3279
256.4892	14.2395
256.6416	14.2681
256.7940	16.7212
256.9464	18.2830
257.0988	18.2850
257.2512	18.3722
257.4036	18.4346
257.5560	18.4304
257.7084	17.7234
257.8608	17.5297
258.0132	16.5956
258.1656	15.9531
258.3180	16.3673
258.4704	16.6563
258.6228	16.4641
258.7752	15.3893
258.9276	15.0664
259.0800	14.0611
259.2324	13.9070
259.3848	13.9109
259.5372	13.8974
259.6896	14.4294
259.8420	15.3994
259.9944	15.2656
260.1468	13.5681
260.2992	13.6858
260.4516	14.2580
260.6040	14.8462
260.7564	14.6089
260.9088	14.2549
261.0612	14.8521
261.2136	15.1534
261.3660	15.1820
261.5184	15.0337
261.6708	13.6650
261.8232	13.6290
261.9756	13.5315
262.1280	13.7648
262.2804	14.0969
262.4328	13.8906
262.5852	14.0949
262.7376	13.9627
262.8900	13.9665
263.0424	13.8517
263.1948	13.5186
263.3472	14.2462
263.4996	14.6270
263.6520	14.4868
263.8044	14.1373
263.9568	15.1023
264.1092	15.2003
264.2616	15.6055
264.4140	13.9111
264.5664	13.8064
264.7188	14.3170
264.8712	13.7712
265.0236	13.9869
265.1760	15.4470
265.3284	16.1018
265.4808	16.6410
265.6332	17.0792
265.7856	16.6735
265.9380	16.0624
266.0904	15.6998
266.2428	14.5100
266.3952	14.5372
266.5476	14.1935
266.7000	13.8236
266.8524	13.7843
267.0048	13.9496
267.1572	14.6279
267.3096	15.2069
267.4620	15.2028
267.6144	14.4907
267.7668	13.3879
267.9192	13.3776
268.0716	13.8021
268.2240	13.9775
268.3764	13.2846
268.5288	13.5319
268.6812	15.0592
268.8336	16.0911
268.9860	16.3762
269.1384	15.2571
269.2908	16.8855
269.4432	17.6091
269.5956	15.2475
269.7480	14.1356
269.9004	13.5958
270.0528	14.3553
270.2052	15.2415
270.3576	13.3181
270.5100	13.4655
270.6624	13.1325
270.8148	13.8325
270.9672	15.2461
271.1196	15.4123
271.2720	14.0436
271.4244	13.4339
271.5768	13.7207
271.7292	13.6881
271.8816	14.0538
272.0340	14.0427
272.1864	13.7069
272.3388	13.5782
272.4912	13.5373
272.6436	13.6742
272.7960	13.4997
272.9484	13.7101
273.1008	13.9279
273.2532	14.4858
273.4056	15.8873
273.5580	15.8471
273.7104	15.6235
273.8628	15.1379
274.0152	15.1794
274.1676	15.2487
274.3200	14.6117
274.4724	15.1279
274.6248	15.2325
274.7772	14.7637
274.9296	13.8927
275.0820	14.3228
275.2344	13.8653
275.3868	13.8354
275.5392	14.4705
275.6916	14.0126
275.8440	15.0255
275.9964	16.1416
276.1488	15.5065
276.3012	13.6972
276.4536	13.5880
276.6060	13.6867
276.7584	13.8532
276.9108	13.8277
277.0632	14.0729
277.2156	14.1358
277.3680	14.4615
277.5204	15.4546
277.6728	16.0303
277.8252	16.0961
277.9776	15.8015
278.1300	16.1406
278.2824	16.1424
278.4348	14.6331
278.5872	15.1173
278.7396	14.8963
278.8920	13.9386
279.0444	14.2674
279.1968	14.5184
279.3492	14.1028
279.5016	14.3501
279.6540	14.4364
279.8064	13.9775
279.9588	14.1137
280.1112	13.7391
280.2636	13.2731
280.4160	13.5999
280.5684	14.4247
280.7208	15.1157
280.8732	15.1217
281.0256	14.9294
281.1780	13.4768
281.3304	13.6724
281.4828	13.6028
281.6352	13.9498
281.7876	13.7866
281.9400	13.3120
282.0924	13.8658
282.2448	14.4382
282.3972	14.1547
282.5496	13.7106
282.7020	14.7546
282.8544	15.3725
283.0068	16.2769
283.1592	16.4050
283.3116	16.6635
283.4640	15.9601
283.6164	15.9364
283.7688	15.7481
283.9212	14.2557
284.0736	15.3496
284.2260	14.7147
284.3784	15.2768
284.5308	16.7035
284.6832	16.3811
284.8356	13.9358
284.9880	13.6035
285.1404	13.2193
285.2928	13.8756
285.4452	14.3118
285.5976	15.4220
285.7500	14.6883
285.9024	14.0739
286.0548	14.0768
286.2072	13.8556
286.3596	13.7227
286.5120	13.1961
286.6644	13.2424
286.8168	13.3539
286.9692	13.2982
287.1216	13.5979
287.2740	13.4182
287.4264	13.8851
287.5788	13.8991
287.7312	13.2602
287.8836	13.2527
288.0360	13.2794
288.1884	13.4023
288.3408	13.5024
288.4932	13.5937
288.6456	14.0879
288.7980	13.8672
288.9504	13.6018
289.1028	13.5490
289.2552	13.5862
289.4076	13.6547
289.5600	13.9115
289.7124	15.1454
289.8648	16.5271
290.0172	17.2619
290.1696	18.0433
290.3220	17.4978
290.4744	17.4593
290.6268	16.1351
290.7792	16.5518
290.9316	16.0887
291.0840	16.0536
291.2364	14.5503
291.3888	14.0218
291.5412	14.1011
291.6936	14.1121
291.8460	14.2015
291.9984	15.4599
292.1508	15.5517
292.3032	15.5503
292.4556	14.3238
292.6080	12.7242
292.7604	13.0359
292.9128	13.2005
293.0652	13.9376
293.2176	14.4755
293.3700	14.3264
293.5224	13.3382
293.6748	13.5951
293.8272	13.6675
293.9796	13.6114
294.1320	13.4458
294.2844	13.7191
294.4368	13.5530
294.5892	13.4431
294.7416	14.1873
294.8940	13.4876
295.0464	13.4558
295.1988	13.5291
295.3512	14.2193
295.5036	14.3455
295.6560	14.2020
295.8084	15.9850
295.9608	15.3259
296.1132	15.3119
296.2656	15.0176
296.4180	15.1260
296.5704	16.1073
296.7228	16.1186
296.8752	15.9648
297.0276	15.7859
297.1800	14.7574
297.3324	14.3846
297.4848	14.2582
297.6372	14.0043
297.7896	13.6621
297.9420	13.5348
298.0944	13.4352
298.2468	13.4962
298.3992	13.5196
298.5516	13.6306
298.7040	13.5706
298.8564	13.7100
299.0088	14.0619
299.1612	13.5833
299.3136	13.5968
299.4660	13.6439
299.6184	13.8664
299.7708	13.7101
299.9232	13.7548
300.0756	13.7893
300.2280	13.7300
300.3804	13.8647
300.5328	13.6906
300.6852	13.6723
300.8376	13.6863
300.9900	14.0720
301.1424	14.2211
301.2948	13.9133
301.4472	15.1563
301.5996	15.9264
301.7520	15.9425
301.9044	15.3758
302.0568	13.8332
302.2092	13.2894
302.3616	13.3273
302.5140	13.3317
302.6664	13.5593
302.8188	13.8229
302.9712	13.7775
303.1236	13.8224
303.2760	14.7528
303.4284	15.0159
303.5808	14.7218
303.7332	15.4226
303.8856	15.6926
304.0380	15.6283
304.1904	15.0363
304.3428	15.0106
304.4952	15.2198
304.6476	16.4483
304.8000	15.2183
304.9524	15.0234
305.1048	16.1453
305.2572	16.5522
305.4096	14.3991
305.5620	14.8348
305.7144	17.3225
305.8668	18.0074
306.0192	18.1360
306.1716	17.2818
306.3240	15.6863
306.4764	15.2949
306.6288	15.2937
306.7812	16.6713
306.9336	17.8368
307.0860	16.9409
307.2384	16.7674
307.3908	16.5566
307.5432	16.3746
307.6956	15.0998
307.8480	13.7874
308.0004	13.8696
308.1528	14.5036
308.3052	13.7702
308.4576	13.7751
308.6100	13.7878
308.7624	14.3399
308.9148	14.5909
309.0672	14.6028
309.2196	15.3580
309.3720	15.4416
309.5244	15.4833
309.6768	15.5061
309.8292	17.4402
309.9816	17.0257
310.1340	17.0174
310.2864	16.6944
310.4388	14.2155
310.5912	13.7478
310.7436	13.7478
310.8960	13.5208
311.0484	14.3499
311.2008	13.9097
311.3532	13.6470
311.5056	13.3838
311.6580	13.7746
311.8104	14.6843
311.9628	14.1108
312.1152	15.2850
312.2676	15.3728
312.4200	14.4799
312.5724	14.1613
312.7248	14.5515
312.8772	14.8063
313.0296	15.2653
313.1820	15.6781
313.3344	15.2645
313.4868	15.2750
313.6392	14.7455
313.7916	13.5439
313.9440	14.1704
314.0964	14.1878
314.2488	14.3238
314.4012	14.0431
314.5536	14.0925
314.7060	14.6718
314.8584	15.3352
315.0108	15.8255
315.1632	16.8643
315.3156	17.6372
315.4680	17.1288
315.6204	15.8089
315.7728	14.4664
315.9252	14.4625
316.0776	14.4591
316.2300	14.4881
316.3824	14.4837
316.5348	14.4888
316.6872	16.3600
316.8396	17.7874
316.9920	17.6100
317.1444	16.9749
317.2968	13.8715
317.4492	14.2664
317.6016	14.1820
317.7540	14.5168
317.9064	13.5816
318.0588	15.7649
318.2112	17.1542
318.3636	15.1744
318.5160	16.0783
318.6684	16.3677
318.8208	16.6618
318.9732	15.0107
319.1256	14.8463
319.2780	14.7576
319.4304	14.1292
319.5828	14.1361
319.7352	14.0285
319.8876	13.9244
320.0400	14.5045
320.1924	14.0827
320.3448	14.5391
320.4972	14.5420
320.6496	14.7618
320.8020	15.1314
320.9544	15.5440
321.1068	15.8052
321.2592	14.4883
321.4116	15.6074
321.5640	15.8676
321.7164	16.4430
321.8688	15.9062
322.0212	15.3231
322.1736	14.5528
322.3260	14.5945
322.4784	14.5975
322.6308	15.4793
322.7832	15.7163
322.9356	15.6394
323.0880	16.5040
323.2404	16.5271
323.3928	14.9334
323.5452	15.1324
323.6976	15.0455
323.8500	15.0423
324.0024	15.0441
324.1548	13.9793
324.3072	13.5177
324.4596	13.5874
324.6120	14.0943
324.7644	14.3323
324.9168	14.2845
325.0692	14.5966
325.2216	14.4796
325.3740	13.5445
325.5264	13.5358
325.6788	13.5062
325.8312	13.3789
325.9836	13.3991
326.1360	13.3177
326.2884	13.4361
326.4408	14.3628
326.5932	13.3976
326.7456	13.3792
326.8980	13.5206
327.0504	13.5449
327.2028	13.6863
327.3552	13.7521
327.5076	13.6010
327.6600	13.4197
327.8124	12.8902
327.9648	12.8906
328.1172	13.5240
328.2696	14.3348
328.4220	14.8482
328.5744	14.5278
328.7268	15.3269
328.8792	15.5538
329.0316	15.5268
329.1840	15.5239
329.3364	14.7717
329.4888	14.0263
329.6412	14.3597
329.7936	16.4982
329.9460	18.1670
330.0984	17.8554
330.2508	17.1509
330.4032	17.4701
330.5556	16.9316
330.7080	16.1700
330.8604	15.7190
331.0128	15.7288
331.1652	16.0144
331.3176	15.6951
331.4700	14.9950
331.6224	14.7494
331.7748	15.1077
331.9272	15.3195
332.0796	14.4606
332.2320	14.6636
332.3844	14.6805
332.5368	14.5089
332.6892	14.3776
332.8416	14.2822
332.9940	14.5876
333.1464	14.5321
333.2988	14.1199
333.4512	16.4780
333.6036	16.9322
333.7560	16.9796
333.9084	15.8904
334.0608	16.0486
334.2132	13.6160
334.3656	13.7177
334.5180	14.5199
334.6704	15.0505
334.8228	14.8756
334.9752	15.3235
335.1276	15.3944
335.2800	16.2173
335.4324	16.1137
335.5848	16.1268
335.7372	15.2751
335.8896	16.1749
336.0420	18.1914
336.1944	18.2857
336.3468	18.3222
336.4992	17.6905
336.6516	14.4076
336.8040	13.7163
336.9564	13.7141
337.1088	14.1122
337.2612	17.2727
337.4136	18.1271
337.5660	18.1356
337.7184	17.9171
337.8708	15.8711
338.0232	16.9168
338.1756	16.6073
338.3280	15.0180
338.4804	14.8612
338.6328	14.4371
338.7852	14.6549
338.9376	15.0697
339.0900	15.0738
339.2424	13.8496
339.3948	13.2022
339.5472	14.1058
339.6996	13.9638
339.8520	13.9799
340.0044	15.3947
340.1568	17.3794
340.3092	18.2226
340.4616	18.3200
340.6140	16.9594
340.7664	16.6141
340.9188	17.5949
341.0712	18.4029
341.2236	18.4221
341.3760	18.4365
341.5284	18.1278
341.6808	15.2174
341.8332	14.8468
341.9856	13.8272
342.1380	14.0457
342.2904	14.6619
342.4428	14.4973
342.5952	14.3588
342.7476	14.8243
342.9000	14.6616
343.0524	14.1207
343.2048	13.5782
343.3572	13.7257
343.5096	13.9134
343.6620	13.6808
343.8144	13.4050
343.9668	14.8500
344.1192	15.4958
344.2716	16.2280
344.4240	16.1996
344.5764	17.3198
344.7288	17.3299
344.8812	18.1982
345.0336	18.4410
345.1860	18.4388
345.3384	18.4377
345.4908	18.4367
345.6432	18.4439
345.7956	18.4277
345.9480	17.3636
346.1004	17.3818
346.2528	17.3716
346.4052	17.2581
346.5576	15.6806
346.7100	15.3910
346.8624	15.4716
347.0148	15.7583
347.1672	14.7690
347.3196	14.2324
347.4720	14.4759
347.6244	14.2274
347.7768	14.5316
347.9292	15.0076
348.0816	14.9513
348.2340	14.4787
348.3864	14.4819
348.5388	15.0099
348.6912	15.2347
348.8436	15.2351
348.9960	14.9723
349.1484	14.6241
349.3008	14.9028
349.4532	14.9785
349.6056	16.0202
349.7580	17.1887
349.9104	17.9987
350.0628	18.1982
350.2152	17.9868
350.3676	16.3061
350.5200	16.7754
350.6724	16.7886
350.8248	16.3249
350.9772	16.1439
351.1296	16.3806
351.2820	16.6230
351.4344	15.0779
351.5868	14.2705
351.7392	14.4535
351.8916	14.1529
352.0440	14.9278
352.1964	15.1532
352.3488	14.6742
352.5012	14.3728
352.6536	14.6786
352.8060	14.7075
352.9584	15.4507
353.1108	15.8459
353.2632	14.6754
353.4156	14.6813
353.5680	14.5434
353.7204	14.7866
353.8728	15.3052
354.0252	15.3287
354.1776	16.4478
354.3300	15.1431
354.4824	14.1915
354.6348	14.5824
354.7872	15.0058
354.9396	16.6008
355.0920	17.6063
355.2444	16.1914
355.3968	12.0714
355.5492	12.3499
355.7016	13.5656
355.8540	14.2760
356.0064	14.5714
356.1588	15.0588
356.3112	15.9542
356.4636	16.3343
356.6160	17.5953
356.7684	16.1044
356.9208	15.6294
357.0732	15.6324
357.2256	15.8720
357.3780	15.6154
357.5304	16.4706
357.6828	16.4988
357.8352	16.5243
357.9876	16.5135
358.1400	15.9168
358.2924	15.3241
358.4448	15.2655
358.5972	14.6728
358.7496	14.5059
358.9020	14.6688
359.0544	14.0343
359.2068	14.5279
359.3592	16.7443
359.5116	17.5390
359.6640	17.2008
359.8164	15.7757
359.9688	15.8693
360.1212	16.5155
360.2736	16.4372
360.4260	16.3630
360.5784	15.2497
360.7308	13.9317
360.8832	14.3342
361.0356	15.3244
361.1880	15.9600
361.3404	16.1768
361.4928	16.0758
361.6452	14.7021
361.7976	14.3598
361.9500	16.0582
362.1024	14.5271
362.2548	13.4612
362.4072	14.7388
362.5596	16.9036
362.7120	17.0205
362.8644	16.8883
363.0168	15.5167
363.1692	15.9346
363.3216	16.1554
363.4740	16.8166
363.6264	17.4455
363.7788	18.1961
363.9312	17.5017
364.0836	16.5676
364.2360	17.2562
364.3884	17.0915
364.5408	15.8065
364.6932	15.0516
364.8456	14.5451
364.9980	15.2308
365.1504	16.4549
365.3028	15.6208
365.4552	14.2912
365.6076	15.1444
365.7600	14.4423
365.9124	13.9515
366.0648	14.1085
366.2172	14.1238
366.3696	14.3517
366.5220	15.1030
366.6744	14.9338
366.8268	15.0206
366.9792	15.5422
367.1316	15.4258
367.2840	15.6232
367.4364	15.5144
367.5888	14.6286
367.7412	13.2591
367.8936	13.4225
368.0460	13.5529
368.1984	14.0490
368.3508	14.6972
368.5032	14.5285
368.6556	14.6388
368.8080	15.1383
368.9604	15.5686
369.1128	16.5831
369.2652	16.5688
369.4176	16.5197
369.5700	17.0135
369.7224	16.1850
369.8748	15.9749
370.0272	15.8123
370.1796	15.0385
370.3320	14.7509
370.4844	14.3690
370.6368	14.5197
370.7892	15.0258
370.9416	14.7894
371.0940	14.9689
371.2464	15.3781
371.3988	15.9189
371.5512	15.9458
371.7036	15.7596
371.8560	15.1192
372.0084	15.4573
372.1608	15.6066
372.3132	15.5541
372.4656	15.3204
372.6180	15.5909
372.7704	16.0581
372.9228	16.1268
373.0752	15.4784
373.2276	14.7407
373.3800	14.8124
373.5324	14.4321
373.6848	14.2118
373.8372	14.0527
373.9896	13.7198
374.1420	14.0171
374.2944	14.1381
374.4468	14.2071
374.5992	14.5278
374.7516	14.4853
374.9040	14.3652
375.0564	14.4129
375.2088	13.8259
375.3612	13.8428
375.5136	14.0888
375.6660	13.8186
375.8184	13.6735
375.9708	13.6861
376.1232	13.8243
376.2756	14.1421
376.4280	14.3509
376.5804	14.5675
376.7328	14.9437
376.8852	15.0237
377.0376	15.1359
377.1900	15.7112
377.3424	16.7856
377.4948	16.7342
377.6472	15.9862
377.7996	15.2658
377.9520	15.9784
378.1044	15.7029
378.2568	14.9240
378.4092	15.4456
378.5616	16.4911
378.7140	16.1872
378.8664	15.0714
379.0188	15.3532
379.1712	15.2509
379.3236	15.0442
379.4760	14.9384
379.6284	14.5419
379.7808	14.5761
379.9332	14.4647
380.0856	13.9091
380.2380	13.6217
380.3904	13.6934
380.5428	13.8975
380.6952	14.0987
380.8476	14.2290
381.0000	14.1206
381.1524	14.1089
381.3048	14.0899
381.4572	14.2151
381.6096	15.4123
381.7620	16.1796
381.9144	15.8552
382.0668	14.9569
382.2192	14.2626
382.3716	13.9368
382.5240	14.0920
382.6764	14.0945
382.8288	13.9805
382.9812	14.1456
383.1336	14.3520
383.2860	14.3291
383.4384	14.2068
383.5908	13.2177
383.7432	12.8547
383.8956	13.5940
384.0480	14.7652
384.2004	14.9129
384.3528	15.0773
384.5052	15.8439
384.6576	16.3300
384.8100	15.8076
384.9624	15.6739
385.1148	15.1130
385.2672	14.0578
385.4196	13.9018
385.5720	13.8287
385.7244	14.3576
385.8768	15.1142
386.0292	15.0086
386.1816	14.3827
386.3340	14.0267
386.4864	14.2107
386.6388	14.2539
386.7912	14.1921
386.9436	14.1587
387.0960	14.0352
387.2484	14.0596
387.4008	14.0852
387.5532	14.2525
387.7056	14.2895
387.8580	14.1045
388.0104	14.0574
388.1628	13.9817
388.3152	13.9119
388.4676	13.8891
388.6200	13.8647
388.7724	13.8646
388.9248	13.8634
389.0772	13.8844
389.2296	13.8208
389.3820	13.6891
389.5344	13.6732
389.6868	13.6684
389.8392	13.6637
389.9916	13.7725
390.1440	13.8740
390.2964	13.8097
390.4488	14.2560
390.6012	14.9732
390.7536	15.1436
390.9060	15.5704
391.0584	15.7450
391.2108	15.3972
391.3632	15.3666
391.5156	14.8632
391.6680	14.5430
391.8204	14.7106
391.9728	14.7750
392.1252	14.4736
392.2776	14.1929
392.4300	14.3183
392.5824	13.8768
392.7348	13.3054
392.8872	13.2062
393.0396	13.2098
393.1920	13.3494
393.3444	14.4416
393.4968	15.4030
393.6492	15.2109
393.8016	14.9365
393.9540	15.0294
394.1064	15.6104
394.2588	15.7197
394.4112	15.6699
394.5636	15.3787
394.7160	14.4950
394.8684	14.1103
395.0208	14.2349
395.1732	14.2256
395.3256	14.1556
395.4780	14.4040
395.6304	15.3361
395.7828	15.8029
395.9352	16.4026
396.0876	17.3335
396.2400	17.3452
396.3924	17.3374
396.5448	17.4424
396.6972	17.5310
396.8496	17.5900
397.0020	17.5519
397.1544	16.9960
397.3068	16.6152
397.4592	16.4744
397.6116	15.6481
397.7640	14.0818
397.9164	13.2835
398.0688	13.3466
398.2212	13.2650
398.3736	12.8271
398.5260	12.5274
398.6784	12.5564
398.8308	12.8751
398.9832	13.3897
399.1356	13.6119
399.2880	13.9563
399.4404	14.8263
399.5928	15.3215
399.7452	15.5831
399.8976	15.9585
400.0500	16.1161
400.2024	16.1195
400.3548	16.0974
400.5072	16.0077
400.6596	16.7521
400.8120	17.3561
400.9644	17.1655
401.1168	17.1528
401.2692	16.8436
401.4216	16.2655
401.5740	15.8882
401.7264	15.8105
401.8788	15.6709
402.0312	15.5337
402.1836	15.2784
402.3360	15.7033
402.4884	16.3897
402.6408	16.8043
402.7932	17.7580
402.9456	18.3416
403.0980	17.8768
403.2504	17.3194
403.4028	17.5705
403.5552	18.2022
403.7076	18.4424
403.8600	18.4337
404.0124	18.4125
404.1648	18.4041
404.3172	18.4094
404.4696	18.4040
404.6220	18.0986
404.7744	18.0660
404.9268	18.2732
405.0792	18.3490
405.2316	18.3514
405.3840	18.2393
405.5364	17.5897
405.6888	17.0322
405.8412	16.8295
405.9936	16.5988
406.1460	15.1053
406.2984	14.5846
406.4508	15.0470
406.6032	15.7384
406.7556	16.1135
406.9080	14.0543
407.0604	12.6397
407.2128	12.8469
407.3652	13.8653
407.5176	14.2865
407.6700	14.1256
407.8224	14.6059
407.9748	16.4494
408.1272	17.2998
408.2796	17.2315
408.4320	16.3104
408.5844	15.5224
408.7368	15.0928
408.8892	13.3201
409.0416	12.2666
409.1940	12.1394
409.3464	12.6604
409.4988	13.7110
409.6512	14.0890
409.8036	13.9024
409.9560	14.1903
410.1084	13.7520
410.2608	14.1231
410.4132	14.4126
410.5656	14.4241
410.7180	14.9394
410.8704	14.6122
411.0228	14.3822
411.1752	14.2445
411.3276	13.8457
411.4800	13.7034
411.6324	13.8196
411.7848	13.9318
411.9372	13.5254
412.0896	13.3880
412.2420	13.4365
412.3944	14.6372
412.5468	16.8088
412.6992	17.4760
412.8516	17.4892
413.0040	16.9517
413.1564	15.1365
413.3088	14.4069
413.4612	14.9748
413.6136	15.7871
413.7660	15.8843
413.9184	15.0136
414.0708	14.6585
414.2232	14.9668
414.3756	14.8388
414.5280	14.7461
414.6804	14.0644
414.8328	13.8432
414.9852	14.0469
415.1376	14.1067
415.2900	13.6289
415.4424	13.6109
415.5948	14.8223
415.7472	15.1615
415.8996	15.1504
416.0520	14.8705
416.2044	14.4257
416.3568	14.0972
416.5092	14.1489
416.6616	13.9175
416.8140	13.8134
416.9664	13.6294
417.1188	13.5448
417.2712	13.4567
417.4236	14.0285
417.5760	15.1837
417.7284	15.6372
417.8808	15.5251
418.0332	14.2343
418.1856	13.7737
418.3380	13.7179
418.4904	13.5537
418.6428	13.4260
418.7952	13.4916
418.9476	13.8829
419.1000	14.1158
419.2524	14.2806
419.4048	14.5836
419.5572	14.9668
419.7096	15.1140
419.8620	14.9682
420.0144	14.6969
420.1668	15.3555
420.3192	15.3475
420.4716	14.7802
420.6240	14.4570
420.7764	14.4759
420.9288	13.9540
421.0812	13.6543
421.2336	13.6608
421.3860	14.4942
421.5384	14.6422
421.6908	14.6247
421.8432	15.0733
421.9956	15.4069
422.1480	15.9013
422.3004	15.7718
422.4528	15.1335
422.6052	13.9141
422.7576	14.0288
422.9100	14.0755
423.0624	13.9798
423.2148	14.1919
423.3672	14.3655
423.5196	14.2659
423.6720	13.5373
423.8244	14.1290
423.9768	14.3916
424.1292	14.3766
424.2816	13.9404
424.4340	13.7097
424.5864	13.5435
424.7388	13.5719
424.8912	13.7739
425.0436	13.6811
425.1960	13.6190
425.3484	14.0637
425.5008	14.9689
425.6532	15.5618
425.8056	16.8341
425.9580	17.4863
426.1104	17.4460
426.2628	17.3927
426.4152	17.3357
426.5676	17.3197
426.7200	16.4804
426.8724	16.1327
427.0248	15.6915
427.1772	15.9137
427.3296	16.4191
427.4820	16.8695
427.6344	14.4570
427.7868	14.2405
427.9392	15.2247
428.0916	15.5895
428.2440	16.1867
428.3964	16.7257
428.5488	17.1367
428.7012	17.1654
428.8536	15.3631
429.0060	14.6663
429.1584	15.9082
429.3108	15.7865
429.4632	15.2345
429.6156	15.8165
429.7680	16.2172
429.9204	15.8107
430.0728	16.4707
430.2252	16.5467
430.3776	17.0772
430.5300	17.4169
430.6824	17.1045
430.8348	17.1072
430.9872	17.6414
431.1396	16.8003
431.2920	14.8671
431.4444	14.4357
431.5968	15.1935
431.7492	15.7141
431.9016	16.5509
432.0540	17.0661
432.2064	15.8122
432.3588	16.8909
432.5112	17.8555
432.6636	17.8858
432.8160	17.8795
432.9684	16.8807
433.1208	16.1592
433.2732	16.2641
433.4256	15.8976
433.5780	16.5000
433.7304	16.3197
433.8828	15.6348
434.0352	15.8896
434.1876	15.6045
434.3400	16.5472
434.4924	17.7108
434.6448	17.2118
434.7972	16.7639
434.9496	17.7833
435.1020	18.1085
435.2544	18.3330
435.4068	18.1366
435.5592	17.4769
435.7116	15.0625
435.8640	15.1182
436.0164	15.2056
436.1688	15.4379
436.3212	16.8866
436.4736	16.5613
436.6260	15.7852
436.7784	15.8850
436.9308	16.0078
437.0832	15.8535
437.2356	14.9415
437.3880	15.1284
437.5404	15.1813
437.6928	15.1702
437.8452	14.8564
437.9976	14.6592
438.1500	14.6217
438.3024	14.4008
438.4548	14.0538
438.6072	14.2651
438.7596	14.2409
438.9120	15.0491
439.0644	16.1035
439.2168	16.2049
439.3692	15.6787
439.5216	15.6385
439.6740	15.7037
439.8264	15.6559
439.9788	15.0850
440.1312	15.1514
440.2836	15.1829
440.4360	15.0840
440.5884	15.3453
440.7408	15.6982
440.8932	15.7021
441.0456	15.5704
441.1980	15.7606
441.3504	15.0430
441.5028	15.1051
441.6552	15.4191
441.8076	15.8778
441.9600	15.4101
442.1124	15.0806
442.2648	15.3203
442.4172	15.2066
442.5696	15.2620
442.7220	16.2110
442.8744	16.4848
443.0268	16.2941
443.1792	15.1113
443.3316	14.8832
443.4840	14.6699
443.6364	14.6231
443.7888	14.5454
443.9412	14.8150
444.0936	15.0444
444.2460	15.0902
444.3984	14.8286
444.5508	14.8019
444.7032	14.1073
444.8556	13.6533
445.0080	13.5866
445.1604	13.5631
445.3128	13.5663
445.4652	14.6916
445.6176	15.6563
445.7700	15.9729
445.9224	16.9902
446.0748	16.9912
446.2272	16.9304
446.3796	16.6822
446.5320	15.0701
446.6844	14.3486
446.8368	14.2797
446.9892	14.2967
447.1416	14.3135
447.2940	14.3283
447.4464	14.5895
447.5988	15.2345
447.7512	15.5549
447.9036	15.6004
448.0560	15.6307
448.2084	15.6326
448.3608	15.3310
448.5132	15.2504
448.6656	15.4499
448.8180	16.0587
448.9704	16.6006
449.1228	16.7413
449.2752	16.0503
449.4276	13.9803
449.5800	13.2177
449.7324	13.2118
449.8848	13.4304
450.0372	14.1484
450.1896	14.1113
450.3420	13.8509
450.4944	13.1034
450.6468	12.5527
450.7992	12.4402
450.9516	12.4397
451.1040	12.4414
451.2564	12.4398
451.4088	12.4424
451.5612	12.4414
451.7136	12.6261
451.8660	13.3305
452.0184	15.0354
452.1708	16.0783
452.3232	16.6924
452.4756	16.8355
452.6280	17.1836
452.7804	17.1700
452.9328	15.6677
453.0852	14.4844
453.2376	14.4043
453.3900	14.6096
453.5424	14.7322
453.6948	14.7315
453.8472	15.1565
453.9996	16.2305
454.1520	16.3318
454.3044	15.3965
454.4568	15.3164
454.6092	15.1181
454.7616	15.0240
454.9140	15.3449
455.0664	16.0196
455.2188	16.2977
455.3712	16.2150
455.5236	15.0037
455.6760	14.2478
455.8284	14.3087
455.9808	14.6025
456.1332	14.5820
456.2856	14.6509
456.4380	14.8339
456.5904	14.6764
456.7428	15.1037
456.8952	15.9434
457.0476	16.2625
457.2000	16.2768
457.3524	16.7022
457.5048	17.0662
457.6572	17.0444
457.8096	17.1043
457.9620	16.3218
458.1144	14.6209
458.2668	13.6684
458.4192	13.4610
458.5716	13.6944
458.7240	13.9630
458.8764	14.3674
459.0288	15.1935
459.1812	15.6231
459.3336	15.5812
459.4860	16.0412
459.6384	16.8595
459.7908	17.1947
459.9432	17.7149
460.0956	17.8739
460.2480	17.2187
460.4004	16.8701
460.5528	16.9666
460.7052	15.9959
460.8576	15.0046
461.0100	15.0633
461.1624	15.2658
461.3148	15.8790
461.4672	16.4308
461.6196	16.8262
461.7720	17.1208
461.9244	17.0669
462.0768	16.9247
462.2292	16.6985
462.3816	15.8006
462.5340	14.9354
462.6864	14.2244
462.8388	13.4602
462.9912	13.2480
463.1436	12.9731
463.2960	12.9344
463.4484	14.1489
463.6008	15.8517
463.7532	16.3235
463.9056	15.3980
464.0580	13.7322
464.2104	12.8681
464.3628	12.6865
464.5152	12.6378
464.6676	12.6885
464.8200	12.9747
464.9724	13.5343
465.1248	13.9933
465.2772	14.3800
465.4296	14.8507
465.5820	15.1627
465.7344	15.2285
465.8868	15.3124
466.0392	15.0194
466.1916	14.3495
466.3440	13.8832
466.4964	13.8636
466.6488	13.9329
466.8012	14.0999
466.9536	14.3292
467.1060	14.5810
467.2584	14.4754
467.4108	13.8798
467.5632	13.4564
467.7156	13.5433
467.8680	13.7882
468.0204	14.0584
468.1728	14.3361
468.3252	14.8258
468.4776	14.4510
468.6300	13.8126
468.7824	14.1073
468.9348	14.0456
469.0872	13.8806
469.2396	13.6831
469.3920	13.4747
469.5444	13.4673
469.6968	13.4428
469.8492	13.9515
470.0016	15.2111
470.1540	15.7941
470.3064	15.5750
470.4588	14.8456
470.6112	14.4434
470.7636	14.7672
470.9160	14.7773
471.0684	14.8344
471.2208	15.3870
471.3732	16.4042
471.5256	16.7061
471.6780	17.0389
471.8304	16.3220
471.9828	15.0974
472.1352	13.9338
472.2876	13.8383
472.4400	13.9650
472.5924	14.7426
472.7448	16.3421
472.8972	17.6066
473.0496	18.1656
473.2020	18.4124
473.3544	18.4355
473.5068	18.4356
473.6592	18.4377
473.8116	17.2494
473.9640	14.8247
474.1164	16.6612
474.2688	17.0248
474.4212	17.0768
474.5736	17.5256
474.7260	18.4356
474.8784	18.4403
475.0308	18.3996
475.1832	18.1122
475.3356	17.7069
475.4880	17.2026
475.6404	14.9630
475.7928	15.3267
475.9452	15.6917
476.0976	16.9496
476.2500	18.3923
476.4024	18.3305
476.5548	18.0322
476.7072	17.9173
476.8596	17.1869
477.0120	14.5360
477.1644	13.9977
477.3168	14.1897
477.4692	15.0167
477.6216	15.4244
477.7740	15.3211
477.9264	14.3824
478.0788	12.5408
478.2312	12.5324
478.3836	12.7268
478.5360	13.7229
478.6884	14.6634
478.8408	14.4959
478.9932	13.6962
479.1456	13.4156
479.2980	13.6646
479.4504	13.9367
479.6028	14.4922
479.7552	14.6072
479.9076	13.5729
480.0600	14.0041
480.2124	14.8863
480.3648	15.1739
480.5172	15.6223
480.6696	15.4294
480.8220	14.2484
480.9744	15.5512
481.1268	17.0792
481.2792	17.4448
481.4316	17.5367
481.5840	17.6280
481.7364	17.9274
481.8888	16.4292
482.0412	14.2505
482.1936	14.4443
482.3460	14.1645
482.4984	15.8869
482.6508	16.6461
482.8032	17.0510
482.9556	17.8507
483.1080	18.4410
483.2604	18.4392
483.4128	18.4373
483.5652	18.4372
483.7176	18.4314
483.8700	18.0148
484.0224	14.4774
484.1748	13.7894
484.3272	13.7244
484.4796	12.9567
484.6320	11.4278
484.7844	11.7824
484.9368	12.5374
485.0892	13.6602
485.2416	13.7726
485.3940	14.2683
485.5464	14.3445
485.6988	17.2821
485.8512	16.6981
486.0036	16.2114
486.1560	17.9588
486.3084	17.3455
486.4608	16.4972
486.6132	17.1605
486.7656	18.4361
486.9180	18.4412
487.0704	18.3001
487.2228	15.4260
487.3752	16.2443
487.5276	17.0064
487.6800	17.3621
487.8324	17.4963
487.9848	18.3739
488.1372	17.7732
488.2896	16.8667
488.4420	16.9898
488.5944	16.9763
488.7468	15.7042
488.8992	16.1292
489.0516	17.2725
489.2040	17.3427
489.3564	17.4631
489.5088	18.3917
489.6612	18.4069
489.8136	18.2021
489.9660	13.8871
490.1184	13.6053
490.2708	13.8420
490.4232	14.6632
490.5756	14.9884
490.7280	15.5971
490.8804	15.3429
491.0328	11.9308
491.1852	12.5726
491.3376	13.8421
491.4900	15.0535
491.6424	15.2581
491.7948	16.2406
491.9472	17.5352
492.0996	17.7510
492.2520	17.9058
492.4044	18.1723
492.5568	17.9139
492.7092	17.2657
492.8616	17.5472
493.0140	17.8312
493.1664	18.3565
493.3188	18.4365
493.4712	18.4063
493.6236	17.7378
493.7760	15.8474
493.9284	14.9015
494.0808	14.8525
494.2332	14.7769
494.3856	14.9653
494.5380	15.0146
494.6904	14.8429
494.8428	15.2315
494.9952	15.4573
495.1476	15.5821
495.3000	15.1874
495.4524	14.6007
495.6048	15.1273
495.7572	16.6410
495.9096	18.1900
496.0620	18.3140
496.2144	17.0268
496.3668	14.8749
496.5192	14.4200
496.6716	14.7194
496.8240	15.2736
496.9764	15.9263
497.1288	16.1327
497.2812	16.3195
497.4336	16.9396
497.5860	17.4444
497.7384	17.5685
497.8908	17.9775
498.0432	17.8084
498.1956	17.2138
498.3480	17.0903
498.5004	17.1592
498.6528	17.2693
498.8052	17.4625
498.9576	17.6979
499.1100	16.2301
499.2624	14.6191
499.4148	14.3412
499.5672	15.8051
499.7196	17.6213
499.8720	18.3246
500.0244	17.6891
500.1768	16.4433
500.3292	16.0482
500.4816	15.2872
500.6340	15.4573
500.7864	16.5411
500.9388	16.9725
501.0912	17.2602
501.2436	16.9703
501.3960	15.3201
501.5484	14.5957
501.7008	14.4971
501.8532	14.0588
502.0056	14.8282
502.1580	15.1591
502.3104	15.8202
502.4628	15.4892
502.6152	15.1679
502.7676	15.0410
502.9200	14.9562
503.0724	15.1548
503.2248	15.2119
503.3772	14.7109
503.5296	14.4084
503.6820	15.1309
503.8344	15.2160
503.9868	15.8067
504.1392	15.9922
504.2916	16.0249
504.4440	15.4620
504.5964	15.7666
504.7488	15.7921
504.9012	14.4492
505.0536	14.4544
505.2060	15.1102
505.3584	17.6613
505.5108	18.3220
505.6632	18.2789
505.8156	16.8240
505.9680	15.7652
506.1204	13.9413
506.2728	13.9369
506.4252	13.8973
506.5776	13.4022
506.7300	12.8178
506.8824	12.7291
507.0348	12.9768
507.1872	13.7843
507.3396	14.1330
507.4920	14.9249
507.6444	14.9476
507.7968	14.8956
507.9492	14.9181
508.1016	15.4529
508.2540	14.7321
508.4064	14.8078
508.5588	15.7389
508.7112	18.2149
508.8636	18.3813
509.0160	18.3697
509.1684	18.0895
509.3208	16.5816
509.4732	16.2573
509.6256	14.1559
509.7780	12.6358
509.9304	12.5978
510.0828	12.6378
510.2352	13.1605
510.3876	14.7560
510.5400	15.5195
510.6924	15.2124
510.8448	15.1319
510.9972	15.3318
511.1496	14.2963
511.3020	14.2466
511.4544	14.3048
511.6068	14.7648
511.7592	15.3390
511.9116	15.8830
512.0640	15.7802
512.2164	15.3214
512.3688	15.9768
512.5212	16.8358
512.6736	16.2833
512.8260	16.6897
512.9784	17.6476
513.1308	18.1173
513.2832	18.4547
513.4356	18.5035
513.5880	18.4962
513.7404	18.5008
513.8928	18.4981
514.0452	18.4971
514.1976	17.7769
514.3500	16.0439
514.5024	15.7159
514.6548	16.0294
514.8072	16.5937
514.9596	16.3472
515.1120	14.6005
515.2644	14.1307
515.4168	13.4287
515.5692	13.2786
515.7216	13.2681
515.8740	13.1342
516.0264	12.9388
516.1788	12.9727
516.3312	13.1148
516.4836	13.3897
516.6360	13.5590
516.7884	13.5735
516.9408	13.6142
517.0932	13.6401
517.2456	13.6418
517.3980	13.6419
517.5504	13.6401
517.7028	13.6404
517.8552	13.6317
518.0076	13.6173
518.1600	13.6169
518.3124	13.6209
518.4648	13.6217
518.6172	13.7701
518.7696	13.9646
518.9220	14.0002
519.0744	14.0027
519.2268	14.0016
519.3792	13.9995
519.5316	14.0098
519.6840	14.1836
519.8364	14.1035
519.9888	13.9043
520.1412	14.0507
520.2936	13.7773
520.4460	13.5286
520.5984	13.8234
520.7508	14.2685
520.9032	14.0038
521.0556	13.6343
521.2080	13.7720
521.3604	13.7695
521.5128	13.5200
521.6652	13.4844
521.8176	13.3984
521.9700	13.2984
522.1224	13.3238
522.2748	13.4417
522.4272	13.6757
522.5796	13.3993
522.7320	13.0495
522.8844	12.9655
523.0368	12.9496
523.1892	13.0181
523.3416	13.0606
523.4940	13.0607
523.6464	13.0588
523.7988	13.0924
523.9512	13.1658
524.1036	13.1952
524.2560	13.2608
524.4084	13.3674
524.5608	13.3987
524.7132	13.4076
524.8656	13.6401
525.0180	13.5849
525.1704	13.2900
525.3228	13.0268
525.4752	12.9799
525.6276	12.9664
525.7800	12.9248
525.9324	12.7270
526.0848	12.6637
526.2372	12.6672
526.3896	12.6362
526.5420	12.6271
526.6944	12.6250
526.8468	12.6601
526.9992	13.0430
527.1516	13.3476
527.3040	12.9590
527.4564	12.8365
527.6088	13.0655
527.7612	13.2719
527.9136	12.8056
528.0660	12.7156
528.2184	13.1262
528.3708	14.0023
528.5232	15.6250
528.6756	15.5612
528.8280	14.0349
528.9804	13.0254
529.1328	12.8996
529.2852	12.9001
529.4376	12.8737
529.5900	12.9353
529.7424	12.9446
529.8948	12.9422
530.0472	12.9576
530.1996	13.0201
530.3520	13.0333
530.5044	13.0343
530.6568	13.1120
530.8092	13.2371
530.9616	13.3128
531.1140	13.8408
531.2664	13.6191
531.4188	13.3584
531.5712	13.3448
531.7236	13.5097
531.8760	13.3543
532.0284	13.4604
532.1808	13.4265
532.3332	13.2961
532.4856	13.2920
532.6380	13.2914
532.7904	13.6837
532.9428	14.0713
533.0952	14.0603
533.2476	13.3133
533.4000	13.2932
533.5524	13.2966
533.7048	13.6808
533.8572	14.0548
534.0096	14.5050
534.1620	14.8446
534.3144	14.2226
534.4668	13.9196
534.6192	13.7349
534.7716	13.7974
534.9240	14.0073
535.0764	13.9616
535.2288	13.6240
535.3812	13.4089
535.5336	13.3720
535.6860	13.3442
535.8384	13.0078
535.9908	12.8045
536.1432	12.8985
536.2956	12.9671
536.4480	13.0672
536.6004	13.1541
536.7528	13.1665
536.9052	13.2921
537.0576	13.5494
537.2100	13.6905
537.3624	14.1525
537.5148	14.9228
537.6672	14.7283
537.8196	13.9605
537.9720	14.0334
538.1244	14.6877
538.2768	15.4783
538.4292	14.5253
538.5816	14.0361
538.7340	13.8310
538.8864	13.4169
539.0388	13.4517
539.1912	13.4529
539.3436	13.0390
539.4960	12.7129
539.6484	12.6801
539.8008	13.1145
539.9532	14.1428
540.1056	15.2366
540.2580	16.3925
540.4104	16.1244
540.5628	13.5937
540.7152	13.4220
540.8676	13.8465
541.0200	13.7431
541.1724	13.5122
541.3248	13.3301
541.4772	13.2741
541.6296	13.3868
541.7820	13.6099
541.9344	13.6574
542.0868	13.5322
542.2392	13.5468
542.3916	13.4159
542.5440	12.9658
542.6964	12.8171
542.8488	12.9854
543.0012	13.2856
543.1536	13.2505
543.3060	13.2051
543.4584	13.1020
543.6108	13.1607
543.7632	13.3625
543.9156	13.2839
544.0680	13.3004
544.2204	13.3427
544.3728	13.2411
544.5252	12.9443
544.6776	12.9712
544.8300	12.9922
544.9824	13.1054
545.1348	12.9196
545.2872	12.9188
545.4396	12.9568
545.5920	12.9405
545.7444	12.8973
545.8968	13.0342
546.0492	13.2857
546.2016	13.5234
546.3540	13.2314
546.5064	13.0413
546.6588	13.1681
546.8112	13.6362
546.9636	13.6870
547.1160	13.6893
547.2684	12.9343
547.4208	12.9241
547.5732	12.9365
547.7256	13.0334
547.8780	12.9845
548.0304	13.0274
548.1828	13.2216
548.3352	12.9250
548.4876	12.9319
548.6400	13.1272
548.7924	13.9806
548.9448	14.6502
549.0972	13.8889
549.2496	14.8615
549.4020	15.5419
549.5544	15.0365
549.7068	15.0074
549.8592	15.4124
550.0116	16.6681
550.1640	17.3103
550.3164	16.8430
550.4688	13.9290
550.6212	13.0340
550.7736	13.0402
550.9260	13.1148
551.0784	13.3115
551.2308	13.3445
551.3832	13.3687
551.5356	13.6456
551.6880	14.0731
551.8404	13.6010
551.9928	13.2982
552.1452	13.3326
552.2976	13.7463
552.4500	14.7656
552.6024	14.8430
552.7548	15.3404
552.9072	17.6096
553.0596	18.3753
553.2120	17.9840
553.3644	16.4374
553.5168	15.8295
553.6692	15.4711
553.8216	15.1249
553.9740	14.6415
554.1264	14.0419
554.2788	13.5058
554.4312	13.5102
554.5836	13.9966
554.7360	15.9574
554.8884	17.5213
555.0408	16.7222
555.1932	14.7056
555.3456	14.9159
555.4980	14.5096
555.6504	13.7221
555.8028	13.5335
555.9552	13.6114
556.1076	13.6999
556.2600	13.7881
556.4124	14.0004
556.5648	13.9199
556.7172	13.7315
556.8696	13.7697
557.0220	13.6556
557.1744	13.7951
557.3268	14.6642
557.4792	15.2636
557.6316	14.7676
557.7840	14.8714
557.9364	16.0860
558.0888	16.3455
558.2412	15.3200
558.3936	13.8580
558.5460	14.0447
558.6984	15.1451
558.8508	17.4240
559.0032	18.1376
559.1556	17.8785
559.3080	17.0934
559.4604	15.7882
559.6128	15.2810
559.7652	14.4390
559.9176	14.7405
560.0700	14.8613
560.2224	14.7791
560.3748	13.7849
560.5272	12.5413
560.6796	12.6364
560.8320	12.7068
560.9844	12.9117
561.1368	13.1256
561.2892	13.2229
561.4416	13.2292
561.5940	13.0937
561.7464	13.0292
561.8988	13.0294
562.0512	13.3352
562.2036	14.2306
562.3560	14.8716
562.5084	14.8726
562.6608	14.7299
562.8132	14.5251
562.9656	14.4275
563.1180	14.2951
563.2704	14.2240
563.4228	14.0097
563.5752	13.5810
563.7276	13.3779
563.8800	13.3879
564.0324	13.6270
564.1848	13.9446
564.3372	14.0210
564.4896	14.6975
564.6420	15.7501
564.7944	16.1214
564.9468	15.9558
565.0992	14.7810
565.2516	13.9476
565.4040	14.0748
565.5564	13.9707
565.7088	13.7549
565.8612	13.6304
566.0136	13.6147
566.1660	13.6146
566.3184	13.6146
566.4708	13.6123
566.6232	13.6130
566.7756	13.6172
566.9280	13.5947
567.0804	13.5100
567.2328	13.4365
567.3852	13.4087
567.5376	13.3296
567.6900	13.4484
567.8424	13.9737
567.9948	14.3599
568.1472	14.4301
568.2996	14.4272
568.4520	14.3519
568.6044	13.8124
568.7568	13.3242
568.9092	13.2284
569.0616	13.2426
569.2140	13.0454
569.3664	12.9522
569.5188	13.5412
569.6712	14.3887
569.8236	14.6840
569.9760	14.6838
570.1284	14.6880
570.2808	14.8462
570.4332	14.6958
570.5856	14.5195
570.7380	14.4336
570.8904	14.3142
571.0428	14.2530
571.1952	14.2441
571.3476	14.2454
571.5000	14.2460
571.6524	14.2455
571.8048	14.5539
571.9572	15.4083
572.1096	15.7961
572.2620	15.0038
572.4144	14.6282
572.5668	14.6216
572.7192	14.6154
572.8716	14.6205
573.0240	14.6220
573.1764	14.9091
573.3288	14.6747
573.4812	14.3437
573.6336	13.9637
573.7860	13.1367
573.9384	13.1236
574.0908	13.2346
574.2432	13.3601
574.3956	13.1343
574.5480	13.0712
574.7004	14.4340
574.8528	16.2735
575.0052	16.7260
575.1576	17.1757
575.3100	16.8668
575.4624	15.1054
575.6148	14.8091
575.7672	14.7688
575.9196	13.9746
576.0720	13.8733
576.2244	13.9390
576.3768	13.9787
576.5292	14.6661
576.6816	15.1487
576.8340	16.0705
576.9864	16.6621
577.1388	16.6827
577.2912	16.6696
577.4436	15.1171
577.5960	14.9483
577.7484	15.3713
577.9008	16.0206
578.0532	16.3150
578.2056	16.4211
578.3580	17.3124
578.5104	16.8906
578.6628	16.7562
578.8152	16.6418
578.9676	16.5671
579.1200	15.8143
579.2724	15.3901
579.4248	15.3248
579.5772	15.9649
579.7296	16.0604
579.8820	15.7089
580.0344	15.2665
580.1868	15.6639
580.3392	14.8185
580.4916	15.4528
580.6440	13.9218
580.7964	13.5093
580.9488	13.7930
581.1012	13.9295
581.2536	14.0513
581.4060	13.0879
581.5584	12.9482
581.7108	12.9432
581.8632	13.4032
582.0156	12.7822
582.1680	12.6560
582.3204	12.6552
582.4728	12.6626
582.6252	12.7108
582.7776	12.7153
582.9300	12.7176
583.0824	12.7163
583.2348	12.7995
583.3872	12.4819
583.5396	12.4466
583.6920	12.4499
583.8444	13.0557
583.9968	13.2369
584.1492	12.6533
584.3016	12.6400
584.4540	12.8545
584.6064	13.0459
584.7588	13.0791
584.9112	13.1005
585.0636	13.0559
585.2160	13.1433
585.3684	13.2955
585.5208	13.2900
585.6732	12.9817
585.8256	13.0460
585.9780	13.3683
586.1304	13.9532
586.2828	14.1052
586.4352	13.9404
586.5876	13.9740
586.7400	13.9836
586.8924	13.8849
587.0448	13.7987
587.1972	13.3343
587.3496	13.2524
587.5020	12.9855
587.6544	12.9793
587.8068	12.9791
587.9592	12.9934
588.1116	13.0535
588.2640	13.0486
588.4164	12.9103
588.5688	12.8931
588.7212	12.8872
588.8736	12.8462
589.0260	12.8221
589.1784	12.8343
589.3308	12.9616
589.4832	13.0005
589.6356	13.0091
589.7880	13.1133
589.9404	13.3178
590.0928	13.1491
590.2452	13.0320
590.3976	12.9598
590.5500	12.9843
590.7024	13.0175
590.8548	13.0166
591.0072	12.8338
591.1596	12.8607
591.3120	12.9156
591.4644	12.8643
591.6168	12.8946
591.7692	13.0110
591.9216	12.9621
592.0740	12.9950
592.2264	13.0440
592.3788	13.0641
592.5312	13.0681
592.6836	13.0556
592.8360	12.9129
592.9884	12.8993
593.1408	12.8774
593.2932	12.7382
593.4456	12.5698
593.5980	12.6414
593.7504	12.7375
593.9028	12.7195
594.0552	12.6707
594.2076	12.7575
594.3600	12.7251
594.5124	12.6702
594.6648	12.7775
594.8172	12.8025
594.9696	12.8526
595.1220	12.9661
595.2744	13.0213
595.4268	13.4437
595.5792	14.6760
595.7316	15.7346
595.8840	15.7468
596.0364	15.4471
596.1888	14.5692
596.3412	13.9726
596.4936	13.5737
596.6460	13.3661
596.7984	12.9304
596.9508	12.7846
597.1032	12.6250
597.2556	12.6790
597.4080	12.8023
597.5604	13.1011
597.7128	13.0585
597.8652	12.7398
598.0176	12.7429
598.1700	12.7582
598.3224	12.7278
598.4748	12.6353
598.6272	12.6385
598.7796	12.6838
598.9320	12.6381
599.0844	12.4408
599.2368	12.6007
599.3892	13.0870
599.5416	13.4548
599.6940	13.4008
599.8464	13.5032
599.9988	13.5814
600.1512	13.4452
600.3036	13.0761
600.4560	12.7831
600.6084	12.7827
600.7608	12.7695
600.9132	12.7786
601.0656	12.9239
601.2180	13.1665
601.3704	13.1972
601.5228	13.0563
601.6752	13.1471
601.8276	13.5060
601.9800	14.0509
602.1324	14.3761
602.2848	14.4092
602.4372	14.3891
602.5896	14.0956
602.7420	13.7040
602.8944	13.4878
603.0468	13.5578
603.1992	14.2443
603.3516	14.7261
603.5040	14.7343
603.6564	14.0701
603.8088	13.0409
603.9612	12.7299
604.1136	12.7901
604.2660	13.0274
604.4184	13.1933
604.5708	13.1666
604.7232	13.1333
604.8756	13.2789
605.0280	13.4550
605.1804	13.6238
605.3328	14.8206
605.4852	15.9878
605.6376	16.0024
605.7900	15.8562
605.9424	16.2413
606.0948	16.5361
606.2472	16.8839
606.3996	17.2726
606.5520	15.6402
606.7044	13.8505
606.8568	13.3343
607.0092	14.4380
607.1616	16.5940
607.3140	17.5382
607.4664	17.1810
607.6188	14.7418
607.7712	13.0058
607.9236	12.9343
608.0760	14.2661
608.2284	16.2930
608.3808	16.6228
608.5332	15.7166
608.6856	14.8494
608.8380	14.1302
608.9904	15.2972
609.1428	16.4825
609.2952	17.0060
609.4476	17.7110
609.6000	18.1637
609.7524	15.9916
609.9048	13.6639
610.0572	13.0863
610.2096	13.0854
610.3620	13.8404
610.5144	16.0627
610.6668	16.7509
610.8192	16.4391
610.9716	14.9024
611.1240	14.9806
611.2764	15.4614
611.4288	15.4886
611.5812	15.4045
611.7336	14.3436
611.8860	13.6762
612.0384	13.5873
612.1908	13.5295
612.3432	13.9005
612.4956	14.2236
612.6480	14.1849
612.8004	13.5898
612.9528	13.3949
613.1052	13.3928
613.2576	13.2864
613.4100	13.2490
613.5624	13.3770
613.7148	13.4693
613.8672	13.8058
614.0196	14.1759
614.1720	14.5713
614.3244	14.6253
614.4768	14.3613
614.6292	14.1678
614.7816	13.6318
614.9340	13.4839
615.0864	13.4890
615.2388	13.4925
615.3912	13.4902
615.5436	13.5989
615.6960	13.6020
615.8484	13.4038
616.0008	13.2288
616.1532	13.1944
616.3056	13.1845
616.4580	13.2362
616.6104	13.0162
616.7628	13.4435
616.9152	14.0323
617.0676	14.3355
617.2200	14.3844
617.3724	14.4029
617.5248	13.5722
617.6772	13.3103
617.8296	13.2923
617.9820	13.2956
618.1344	13.2267
618.2868	13.1973
618.4392	13.1736
618.5916	13.1560
618.7440	13.3901
618.8964	13.3963
619.0488	13.3792
619.2012	13.3175
619.3536	13.2306
619.5060	13.2263
619.6584	13.1821
619.8108	13.1388
619.9632	13.0795
620.1156	13.0573
620.2680	13.0494
620.4204	13.1326
620.5728	13.1546
620.7252	13.1589
620.8776	13.3731
621.0300	13.4040
621.1824	13.4093
621.3348	13.3271
621.4872	12.9316
621.6396	12.8238
621.7920	12.7480
621.9444	12.9239
622.0968	13.0649
622.2492	12.9887
622.4016	12.9149
622.5540	13.0345
622.7064	13.1117
622.8588	13.2159
623.0112	13.4112
623.1636	15.4732
623.3160	16.4862
623.4684	16.2749
623.6208	15.2892
623.7732	15.6000
623.9256	15.4919
624.0780	15.4890
624.2304	15.4673
624.3828	16.5435
624.5352	16.8873
624.6876	18.0060
624.8400	18.3159
624.9924	18.3195
625.1448	18.2282
625.2972	18.3781
625.4496	18.3691
625.6020	15.9475
625.7544	12.1259
625.9068	12.1274
626.0592	13.0033
626.2116	14.4412
626.3640	14.6225
626.5164	14.6887
626.6688	14.4033
626.8212	13.8525
626.9736	13.8312
627.1260	13.8819
627.2784	14.3674
627.4308	13.6717
627.5832	13.6681
627.7356	13.6676
627.8880	14.6136
628.0404	14.0565
628.1928	13.7282
628.3452	13.9687
628.4976	13.5642
628.6500	13.5796
628.8024	13.6535
628.9548	13.8462
629.1072	14.4692
629.2596	14.4776
629.4120	14.2256
629.5644	13.7306
629.7168	13.7508
629.8692	13.4478
630.0216	13.5079
630.1740	14.4010
630.3264	16.1638
630.4788	15.5068
630.6312	14.4505
630.7836	14.4368
630.9360	14.4390
631.0884	13.6994
631.2408	13.4325
631.3932	13.4541
631.5456	13.4676
631.6980	12.9620
631.8504	13.2954
632.0028	13.2988
632.1552	13.2539
632.3076	13.6552
632.4600	13.9344
632.6124	16.2611
632.7648	17.7048
632.9172	17.6970
633.0696	15.6882
633.2220	14.1332
633.3744	14.1375
633.5268	14.1208
633.6792	13.9979
633.8316	14.0598
633.9840	12.9689
634.1364	12.9963
634.2888	13.0279
634.4412	14.6152
634.5936	15.0384
634.7460	14.6427
634.8984	15.6927
635.0508	17.6000
635.2032	17.6459
635.3556	17.6731
635.5080	13.6606
635.6604	13.3478
635.8128	13.3398
635.9652	13.3434
636.1176	13.0291
636.2700	12.8897
636.4224	12.8981
636.5748	13.6439
636.7272	12.9150
636.8796	12.7155
637.0320	13.0400
637.1844	13.2997
637.3368	13.2961
637.4892	12.8671
637.6416	13.4895
637.7940	15.7771
637.9464	16.0968
638.0988	17.7231
638.2512	17.3185
638.4036	16.3598
638.5560	17.3819
638.7084	17.6068
638.8608	16.3619
639.0132	16.1926
639.1656	16.0920
639.3180	16.2954
639.4704	14.5700
639.6228	14.1555
639.7752	14.1535
639.9276	13.5221
640.0800	14.0901
640.2324	14.4308
640.3848	14.4953
640.5372	15.0153
640.6896	14.8946
640.8420	14.7024
640.9944	14.7009
641.1468	16.4208
641.2992	15.7602
641.4516	16.1672
641.6040	16.1337
641.7564	15.8436
641.9088	17.3936
642.0612	17.3134
642.2136	17.3025
642.3660	15.2063
642.5184	14.1574
642.6708	14.3943
642.8232	14.5878
642.9756	15.2183
643.1280	14.5429
643.2804	15.2456
643.4328	16.0442
643.5852	16.4950
643.7376	14.6007
643.8900	14.5918
644.0424	14.5848
644.1948	15.2947
644.3472	15.4652
644.4996	16.0629
644.6520	16.6412
644.8044	18.4068
644.9568	18.4335
645.1092	18.4396
645.2616	17.5400
645.4140	14.1939
645.5664	13.4113
645.7188	13.3065
645.8712	12.7941
646.0236	13.3198
646.1760	13.8416
646.3284	13.9108
646.4808	13.9834
646.6332	14.3510
646.7856	14.4879
646.9380	14.3717
647.0904	13.8440
647.2428	13.8900
647.3952	13.9493
647.5476	13.8878
647.7000	13.9593
647.8524	13.9056
648.0048	13.8158
648.1572	13.8275
648.3096	13.9006
648.4620	14.5653
648.6144	14.2618
648.7668	14.1837
648.9192	14.1839
649.0716	14.2359
649.2240	14.9652
649.3764	15.1747
649.5288	15.0352
649.6812	13.8158
649.8336	13.5739
649.9860	13.4116
650.1384	13.1403
650.2908	12.6426
650.4432	12.4714
650.5956	12.8935
650.7480	14.5385
650.9004	15.2071
651.0528	15.6289
651.2052	15.7973
651.3576	16.2113
651.5100	14.9838
651.6624	15.3139
651.8148	15.3458
651.9672	16.7090
652.1196	17.3199
652.2720	17.2950
652.4244	17.9779
652.5768	17.0021
652.7292	17.4261
652.8816	17.4323
653.0340	17.1076
653.1864	16.4815
653.3388	17.1960
653.4912	17.2911
653.6436	15.5735
653.7960	13.7742
653.9484	14.0259
654.1008	14.3479
654.2532	17.3022
654.4056	18.0651
654.5580	17.9266
654.7104	15.0801
654.8628	15.6864
655.0152	15.9749
655.1676	15.5371
655.3200	16.1794
655.4724	16.1444
655.6248	15.8046
655.7772	17.2478
655.9296	17.3080
656.0820	17.8457
656.2344	18.4395
656.3868	18.4355
656.5392	18.3557
656.6916	16.1417
656.8440	15.8305
656.9964	15.9784
657.1488	15.3587
657.3012	15.9976
657.4536	16.5807
657.6060	16.9793
657.7584	18.3011
657.9108	15.5982
658.0632	16.4409
658.2156	17.9187
658.3680	18.3361
658.5204	15.8012
658.6728	15.4169
658.8252	-999.2500
658.9776	-999.2500
