HOLE:	995B
LEG:	164
TOP:	147.9804
BOTTOM:	662.6352
DEPTH_WMSF	C1	C2
m	in	in
147.9804	8.3589	7.9579
148.1328	9.5513	9.1187
148.2852	10.6184	10.1264
148.4376	11.6284	11.0825
148.5900	12.0602	11.5034
148.7424	12.6507	12.0664
148.8948	13.4769	12.4718
149.0472	13.3249	12.5348
149.1996	13.3028	12.4107
149.3520	12.3532	11.5149
149.5044	3.9829	3.8683
149.6568	3.9852	3.8683
149.8092	3.9901	3.8724
149.9616	3.9882	3.8706
150.1140	3.9698	3.8619
150.2664	3.9871	3.8611
150.4188	3.9893	3.8680
150.5712	3.9893	3.8657
150.7236	3.9866	3.8644
150.8760	3.9866	3.8690
151.0284	3.9839	3.8677
151.1808	3.9866	3.8690
151.3332	3.9812	3.8664
151.4856	3.9981	3.8632
151.6380	4.0293	3.8735
151.7904	4.0246	3.8735
151.9428	4.0273	3.8748
152.0952	4.0266	3.8677
152.2476	4.0246	3.9006
152.4000	4.0218	3.9084
152.5524	4.0218	3.9084
152.7048	4.0218	3.9084
152.8572	4.0246	3.9097
153.0096	4.0483	3.9187
153.1620	4.0836	3.9174
153.3144	4.0816	3.9368
153.4668	4.1462	4.0016
153.6192	4.4016	4.2552
153.7716	4.7823	4.6039
153.9240	5.0621	4.8459
154.0764	5.2980	5.0670
154.2288	5.5298	5.2936
154.3812	5.7728	5.5318
154.5336	5.9927	5.7298
154.6860	6.2725	5.9935
154.8384	6.5657	6.2635
154.9908	6.8666	6.5531
155.1432	7.1918	6.8884
155.2956	7.5957	7.2583
155.4480	7.9907	7.6262
155.6004	8.4747	8.0865
155.7528	8.8291	8.4512
155.9052	9.2419	8.8388
156.0576	9.6131	9.1845
156.2100	10.0070	9.5586
156.3624	10.3343	9.9035
156.5148	10.6599	10.1754
156.6672	10.9356	10.4172
156.8196	11.2080	10.6823
156.9720	11.4230	10.9032
157.1244	11.7348	11.2012
157.2768	11.8837	11.3519
157.4292	12.3071	11.7582
157.5816	11.9606	12.1240
157.7340	11.9792	12.5898
157.8864	11.9118	13.0588
158.0388	12.1258	13.3466
158.1912	12.1002	13.5151
158.3436	12.2021	13.7471
158.4960	12.2333	13.9674
158.6484	12.4736	14.1180
158.8008	12.1963	13.0890
158.9532	12.2183	13.4346
159.1056	12.1037	13.0805
159.2580	12.0851	13.0464
159.4104	12.0944	13.0933
159.5628	12.1095	13.0510
159.7152	13.2224	14.9064
159.8676	11.9699	12.5506
160.0200	11.9688	12.5374
160.1724	12.0050	12.5372
160.3248	12.0433	12.5374
160.4772	12.0537	12.5855
160.6296	12.0225	12.6240
160.7820	12.0014	12.5635
160.9344	12.0015	12.6331
161.0868	11.9128	12.9866
161.2392	12.2206	12.7417
161.3916	12.5421	12.7504
161.5440	12.8926	12.6589
161.6964	13.8723	13.2037
161.8488	12.7484	12.5415
162.0012	12.6001	12.8192
162.1536	12.6832	12.9141
162.3060	12.7452	12.9566
162.4584	14.4915	14.0372
162.6108	12.5271	13.2206
162.7632	13.4017	13.3139
162.9156	13.5286	13.9193
163.0680	11.9326	13.4691
163.2204	11.9910	13.4764
163.3728	12.0165	13.5067
163.5252	12.2794	13.8409
163.6776	11.9606	13.2633
163.8300	12.1663	13.2085
163.9824	12.3479	13.9775
164.1348	12.2070	13.6753
164.2872	12.2880	13.7776
164.4396	12.3117	13.8113
164.5920	12.2989	13.8085
164.7444	13.6680	14.2168
164.8968	12.2480	13.7461
165.0492	11.9019	13.6672
165.2016	11.8801	13.6603
165.3540	12.0205	13.6276
165.5064	12.3911	13.5939
165.6588	13.9258	14.3594
165.8112	14.4307	14.6567
165.9636	13.3965	13.8164
166.1160	13.0459	13.6718
166.2684	12.2168	13.5891
166.4208	12.4727	13.6215
166.5732	13.2090	13.8271
166.7256	12.8125	13.8710
166.8780	12.1924	13.6157
167.0304	12.1558	13.5148
167.1828	12.6152	13.3716
167.3352	13.3203	13.9414
167.4876	12.7754	14.6357
167.6400	12.4844	14.8017
167.7924	12.4879	14.7386
167.9448	12.1221	13.5957
168.0972	11.9584	13.2026
168.2496	12.5225	13.5811
168.4020	12.5259	13.2324
168.5544	12.4851	12.8997
168.7068	12.7632	13.0396
168.8592	12.9651	13.1639
169.0116	13.2534	13.1678
169.1640	12.9160	12.9546
169.3164	13.4395	12.9619
169.4688	14.5488	13.5264
169.6212	14.9653	14.0200
169.7736	14.7925	14.0652
169.9260	13.3867	13.4961
170.0784	12.4091	13.1128
170.2308	12.7334	13.2087
170.3832	12.9219	13.4854
170.5356	12.4922	13.4004
170.6880	12.1339	13.2065
170.8404	12.3828	13.5918
170.9928	12.5269	13.6797
171.1452	12.6230	13.4675
171.2976	12.9116	13.6108
171.4500	12.5469	13.5205
171.6024	12.0557	13.2771
171.7548	12.1162	13.3643
171.9072	12.1963	13.4434
172.0596	12.2184	13.4293
172.2120	12.2611	13.4156
172.3644	12.3073	13.3818
172.5168	12.3970	13.4033
172.6692	12.3345	13.4937
172.8216	12.0591	13.4326
172.9740	12.0571	13.6777
173.1264	12.1821	13.9941
173.2788	12.0804	13.0181
173.4312	12.0223	13.0460
173.5836	12.0533	13.2139
173.7360	12.2354	13.6318
173.8884	12.7222	13.8799
174.0408	13.0977	13.5615
174.1932	13.2412	13.7401
174.3456	12.7451	13.7012
174.4980	12.1588	13.5511
174.6504	12.1550	13.5477
174.8028	12.1665	13.6123
174.9552	12.0391	13.9395
175.1076	12.2615	14.0957
175.2600	12.3735	13.6017
175.4124	12.3695	13.5828
175.5648	12.3257	13.4804
175.7172	12.5835	13.4751
175.8696	12.9941	13.4803
176.0220	13.7500	13.3369
176.1744	12.4375	12.7656
176.3268	13.4077	12.9561
176.4792	13.0342	12.5417
176.6316	13.0327	12.5859
176.7840	12.7855	13.2241
176.9364	12.9121	13.5078
177.0888	14.1309	13.7813
177.2412	15.7580	15.2422
177.3936	15.7903	15.2603
177.5460	15.7940	15.2640
177.6984	15.7940	15.2677
177.8508	15.7822	15.2544
178.0032	12.1797	13.1289
178.1556	12.0893	13.2744
178.3080	12.0096	13.1818
178.4604	11.9713	13.2112
178.6128	11.9956	13.1515
178.7652	12.0110	13.1973
178.9176	12.0054	13.2030
179.0700	12.0191	13.1440
179.2224	14.1406	13.2227
179.3748	12.4297	12.9854
179.5272	13.5879	14.0684
179.6796	13.5642	14.1479
179.8320	13.4517	14.0220
179.9844	12.2031	13.4121
180.1368	12.7461	13.8760
180.2892	14.2363	14.9063
180.4416	15.4727	15.2100
180.5940	15.7354	15.2569
180.7464	15.6644	15.2635
180.8988	15.2539	15.0264
181.0512	15.1293	14.9811
181.2036	15.6875	15.2207
181.3560	15.7461	15.2577
181.5084	15.7527	14.5488
181.6608	15.7794	15.1094
181.8132	14.0742	13.9375
181.9656	13.7504	13.8091
182.1180	15.0566	14.2637
182.2704	15.5425	14.1143
182.4228	15.6899	13.9460
182.5752	15.7065	14.0344
182.7276	12.9453	14.1541
182.8800	12.5967	14.4771
183.0324	12.7878	14.3560
183.1848	13.0571	14.7734
183.3372	13.1372	14.8723
183.4896	14.1328	14.4834
183.6420	13.4160	13.8008
183.7944	13.7402	14.1377
183.9468	14.4258	14.6157
184.0992	14.4819	14.5640
184.2516	12.9961	14.1494
184.4040	12.5684	14.0693
184.5564	12.8501	14.2024
184.7088	14.2188	14.6123
184.8612	15.2559	14.5127
185.0136	15.5808	14.3846
185.1660	15.1582	14.7969
185.3184	13.2500	14.1465
185.4708	12.5532	13.8264
185.6232	12.5553	13.8073
185.7756	13.2051	13.9868
185.9280	13.8955	14.0768
186.0804	13.1875	13.6279
186.2328	12.5640	13.3336
186.3852	12.6313	13.3290
186.5376	12.9214	14.2676
186.6900	13.0704	14.8629
186.8424	13.0827	14.8876
186.9948	13.4697	14.7974
187.1472	13.5029	14.6472
187.2996	13.2246	14.7275
187.4520	13.2065	14.9333
187.6044	14.4336	15.1479
187.7568	14.0039	14.8525
187.9092	13.7598	14.4744
188.0616	14.3083	14.5640
188.2140	14.3108	14.6748
188.3664	13.9844	14.0469
188.5188	14.1533	14.3105
188.6712	14.7290	14.3242
188.8236	15.3711	14.5449
188.9760	15.7813	15.2437
189.1284	15.7862	15.2556
189.2808	14.5156	15.2558
189.4332	13.5283	15.2454
189.5856	14.6602	15.2436
189.7380	15.5687	15.2478
189.8904	15.4063	15.2516
190.0428	15.4287	15.2516
190.1952	15.0977	15.2539
190.3476	14.6523	15.2525
190.5000	15.2813	15.2484
190.6524	15.7807	15.2293
190.8048	15.7836	15.2332
190.9572	15.7869	15.2661
191.1096	15.7775	15.2630
191.2620	15.7758	15.2611
191.4144	15.5664	15.2148
191.5668	15.4727	15.1858
191.7192	15.7722	15.2412
191.8716	15.7836	15.2536
192.0240	15.7798	15.2565
192.1764	15.7787	15.2575
192.3288	15.7865	15.2610
192.4812	15.7866	15.2622
192.6336	15.7841	15.2609
192.7860	15.7880	15.2636
192.9384	15.7864	15.1975
193.0908	15.7902	15.1418
193.2432	15.5996	15.2178
193.3956	15.4199	15.1829
193.5480	15.7708	15.2492
193.7004	15.6431	15.0381
193.8528	15.2236	14.5576
194.0052	14.8721	14.2969
194.1576	15.1166	14.1929
194.3100	15.0391	14.6230
194.4624	14.2637	15.1143
194.6148	13.2134	14.6548
194.7672	13.1045	14.3466
194.9196	12.9583	14.2971
195.0720	13.0156	14.3213
195.2244	13.2703	14.3394
195.3768	13.4961	14.1890
195.5292	14.0625	14.3130
195.6816	14.4697	14.5607
195.8340	13.9580	14.3877
195.9864	13.5825	14.0265
196.1388	13.7680	13.9695
196.2912	13.7634	13.9342
196.4436	13.7647	13.9360
196.5960	14.1094	14.2090
196.7484	15.0898	14.9629
196.9008	13.9863	14.0117
197.0532	15.3711	15.0696
197.2056	15.4438	15.0488
197.3580	15.1069	14.6729
197.5104	14.8965	15.1621
197.6628	14.8492	15.2522
197.8152	14.8022	15.2572
197.9676	14.1523	15.2648
198.1200	12.1504	15.2470
198.2724	12.4678	15.1445
198.4248	13.1064	14.5850
198.5772	13.4523	15.1386
198.7296	13.6953	15.1655
198.8820	15.1270	15.2521
199.0344	14.5918	15.2477
199.1868	13.4639	15.2561
199.3392	13.9456	15.2450
199.4916	14.0908	15.1514
199.6440	13.6970	14.8862
199.7964	13.4941	15.1875
199.9488	12.7598	14.5459
200.1012	13.0293	14.7568
200.2536	12.8652	14.6917
200.4060	13.7559	14.8302
200.5584	12.9253	14.8965
200.7108	12.6658	14.6831
200.8632	12.6484	14.4571
201.0156	13.2969	14.4795
201.1680	13.9824	14.0352
201.3204	15.3579	14.7915
201.4728	15.7602	15.1591
201.6252	15.7865	15.2640
201.7776	15.7902	15.2640
201.9300	15.7902	15.2640
202.0824	15.7902	15.2565
202.2348	15.7902	15.2640
202.3872	15.7825	15.2714
202.5396	15.7188	15.2500
202.6920	13.5605	14.3184
202.8444	14.5122	14.4229
202.9968	14.7387	14.6412
203.1492	14.7134	14.6841
203.3016	14.4366	14.8242
203.4540	14.4888	14.9170
203.6064	14.8711	15.2492
203.7588	14.9419	15.2564
203.9112	15.1348	15.2467
204.0636	14.3574	15.2407
204.2160	12.8574	14.9209
204.3684	13.6440	15.1442
204.5208	13.7969	15.1538
204.6732	15.7842	15.2590
204.8256	15.7840	15.2556
204.9780	15.7755	15.2639
205.1304	15.7842	15.2591
205.2828	15.7627	15.2590
205.4352	14.9941	15.2500
205.5876	14.7275	14.9941
205.7400	15.1563	14.5391
205.8924	12.6035	14.1436
206.0448	13.3188	13.7354
206.1972	13.5112	14.2476
206.3496	13.1996	14.1936
206.5020	13.2559	14.3022
206.6544	13.2579	14.3175
206.8068	13.7424	14.9473
206.9592	15.6600	15.1827
207.1116	14.1358	15.2396
207.2640	14.9630	15.2481
207.4164	15.7418	15.2090
207.5688	15.7460	14.1858
207.7212	15.3300	14.1329
207.8736	14.9724	15.1394
208.0260	12.7602	14.9829
208.1784	12.6980	14.8657
208.3308	12.7293	14.4453
208.4832	12.9417	14.0626
208.6356	14.9843	15.2275
208.7880	14.2814	14.7588
208.9404	15.7269	15.2253
209.0928	15.7902	15.2640
209.2452	15.7899	15.2635
209.3976	15.6912	15.2167
209.5500	14.0858	14.5390
209.7024	12.9357	13.9673
209.8548	14.1251	14.2657
210.0072	14.9527	15.0923
210.1596	15.1802	15.2255
210.3120	15.1858	15.2442
210.4644	15.1862	15.2450
210.6168	15.2296	15.2567
210.7692	15.7639	15.2226
210.9216	15.5478	14.7383
211.0740	15.0429	15.2485
211.2264	14.7030	15.2565
211.3788	14.6828	15.2559
211.5312	14.7364	15.2491
211.6836	15.6851	15.2631
211.8360	15.7820	15.2363
211.9884	15.7569	15.0645
212.1408	15.7902	15.2634
212.2932	15.7893	15.2555
212.4456	15.7792	15.2449
212.5980	15.7895	15.2673
212.7504	15.7808	15.2631
212.9028	15.7836	15.2660
213.0552	15.7779	15.2589
213.2076	15.7894	15.2561
213.3600	15.7798	15.2511
213.5124	15.7738	15.2465
213.6648	15.7897	15.2564
213.8172	15.7837	15.2546
213.9696	15.7793	15.2476
214.1220	15.7897	15.2564
214.2744	15.7842	15.2557
214.4268	15.7842	15.2594
214.5792	15.7842	15.2625
214.7316	15.7842	15.2591
214.8840	15.7842	15.2591
215.0364	15.7848	15.2596
215.1888	15.7896	15.2635
215.3412	15.7837	15.2586
215.4936	15.7794	15.2552
215.6460	15.7896	15.2635
215.7984	15.6659	15.2603
215.9508	14.7384	15.2693
216.1032	15.6112	15.2511
216.2556	14.4146	15.2581
216.4080	14.6065	15.2711
216.5604	14.5935	15.2677
216.7128	14.4870	15.2655
216.8652	14.4943	15.2478
217.0176	14.7111	15.2569
217.1700	15.7461	15.2592
217.3224	15.5375	15.2511
217.4748	15.4901	15.2560
217.6272	15.5430	15.2521
217.7796	15.7611	15.2575
217.9320	15.7842	15.2736
218.0844	15.7818	15.2679
218.2368	15.7657	15.2533
218.3892	15.7845	15.2746
218.5416	15.7869	15.2789
218.6940	15.7895	15.2783
218.8464	15.7850	15.2746
218.9988	15.7876	15.1718
219.1512	15.7412	14.3632
219.3036	15.5603	13.9064
219.4560	15.6765	14.0529
219.6084	15.7874	15.0867
219.7608	15.7705	15.2622
219.9132	15.7850	15.2747
220.0656	15.7894	15.2778
220.2180	15.7842	15.2708
220.3704	15.7850	15.2747
220.5228	15.7886	15.2776
220.6752	15.7021	15.2671
220.8276	15.2950	15.2549
220.9800	15.7518	15.2598
221.1324	15.7612	15.2632
221.2848	15.7639	15.2598
221.4372	15.7007	15.2673
221.5896	15.4456	15.2439
221.7420	15.5913	15.2596
221.8944	15.7602	15.2751
222.0468	15.3807	15.2596
222.1992	13.9188	15.2630
222.3516	13.4548	15.1962
222.5040	13.3945	14.7109
222.6564	13.4346	14.1411
222.8088	13.4396	14.0786
222.9612	14.5783	14.2106
223.1136	15.6357	14.4044
223.2660	14.9139	14.9511
223.4184	13.3603	14.1055
223.5708	12.9350	13.9637
223.7232	12.7090	14.2051
223.8756	12.6220	14.5815
224.0280	12.7359	14.2575
224.1804	12.8633	14.3271
224.3328	12.7187	14.3018
224.4852	12.5041	14.5854
224.6376	12.4348	14.3131
224.7900	12.7052	14.3868
224.9424	13.8652	14.3750
225.0948	13.2795	14.4845
225.2472	14.6173	15.2554
225.3996	15.7643	15.2560
225.5520	15.7742	15.1967
225.7044	15.7611	14.8914
225.8568	15.7570	14.8861
226.0092	15.7550	14.8350
226.1616	15.7708	14.7501
226.3140	15.7793	15.2687
226.4664	15.7809	15.2659
226.6188	15.7585	15.1977
226.7712	15.7135	14.9099
226.9236	15.6482	14.9597
227.0760	15.5915	14.9786
227.2284	15.3960	15.2640
227.3808	15.1719	15.2640
227.5332	15.6980	15.2645
227.6856	15.7751	15.2679
227.8380	15.7854	15.2749
227.9904	15.7649	15.2775
228.1428	15.6583	15.2715
228.2952	15.6958	15.2715
228.4476	15.7902	15.2729
228.6000	15.7891	15.2780
228.7524	15.7850	15.2740
228.9048	15.7884	15.2750
229.0572	15.7891	15.2780
229.2096	15.7823	15.2731
229.3620	15.7554	15.2696
229.5144	15.6903	15.2663
229.6668	15.7423	15.2485
229.8192	15.7507	15.2617
229.9716	15.7830	15.2671
230.1240	15.7807	15.2703
230.2764	15.7890	15.2750
230.4288	15.7847	15.2750
230.5812	15.7806	15.1288
230.7336	15.7479	14.5225
230.8860	15.7118	14.4673
231.0384	15.6396	14.6246
231.1908	14.9764	14.5517
231.3432	13.6526	14.1029
231.4956	13.6602	14.2696
231.6480	13.7203	14.9272
231.8004	13.8199	14.9507
231.9528	14.4279	14.8671
232.1052	15.5329	13.9722
232.2576	15.3373	14.0431
232.4100	14.8886	14.9824
232.5624	14.0801	14.5430
232.7148	14.3141	14.7826
232.8672	14.5743	14.7334
233.0196	15.2617	14.4863
233.1720	15.0311	14.5722
233.3244	14.0548	13.7656
233.4768	14.0680	13.8940
233.6292	14.0693	13.9505
233.7816	14.1396	14.2169
233.9340	14.0272	14.8749
234.0864	13.1427	13.8810
234.2388	13.9218	14.9021
234.3912	14.1143	15.0190
234.5436	14.4003	14.8631
234.6960	13.7485	13.7759
234.8484	13.8110	14.1380
235.0008	13.9314	14.3323
235.1532	14.0352	14.3945
235.3056	14.1710	14.3927
235.4580	14.7432	15.0791
235.6104	15.2208	15.2639
235.7628	15.7798	15.2765
235.9152	15.7676	15.2666
236.0676	15.1873	15.0253
236.2200	13.1992	14.0546
236.3724	12.6426	13.2549
236.5248	13.0679	13.1142
236.6772	13.3440	13.0813
236.8296	13.4228	13.3126
236.9820	13.3291	13.9519
237.1344	12.8233	13.8921
237.2868	13.0244	13.7225
237.4392	13.3116	13.7802
237.5916	13.5585	13.5037
237.7440	13.1142	11.9180
237.8964	12.8574	12.4552
238.0488	12.8550	13.3145
238.2012	13.0782	13.6640
238.3536	12.9927	12.9966
238.5060	12.8045	12.9468
238.6584	12.8211	12.9986
238.8108	13.0445	13.4034
238.9632	13.3927	14.3321
239.1156	13.9961	15.2444
239.2680	14.3378	15.2557
239.4204	13.5869	15.2575
239.5728	13.3804	15.0927
239.7252	13.3246	14.5718
239.8776	13.3275	14.3840
240.0300	13.3215	14.3846
240.1824	13.3234	14.4164
240.3348	13.2815	14.3872
240.4872	13.1664	14.1357
240.6396	13.2686	14.0777
240.7920	13.3525	13.9707
240.9444	12.8868	13.7396
241.0968	12.9276	13.6686
241.2492	13.0200	13.7500
241.4016	13.2348	13.9250
241.5540	13.5782	14.1251
241.7064	14.4041	14.7947
241.8588	14.7520	14.7802
242.0112	14.7459	14.3417
242.1636	13.0367	13.7073
242.3160	13.3008	13.9727
242.4684	13.5615	14.1816
242.6208	13.2302	13.4433
242.7732	13.0224	12.7407
242.9256	12.7236	12.4575
243.0780	12.7154	12.4917
243.2304	12.7055	12.5151
243.3828	12.6873	12.4346
243.5352	12.8516	13.0099
243.6876	13.1186	13.9006
243.8400	13.0303	13.8594
243.9924	13.1216	13.8833
244.1448	12.9221	13.6609
244.2972	13.0073	13.7382
244.4496	13.1829	13.7398
244.6020	13.2960	13.9240
244.7544	13.3009	13.9970
244.9068	13.3050	14.0348
245.0592	13.3000	14.0307
245.2116	13.7911	13.8847
245.3640	14.3827	13.9468
245.5164	13.3399	14.1124
245.6688	13.6572	14.1124
245.8212	13.6591	14.2061
245.9736	13.5097	14.1874
246.1260	13.2009	13.6273
246.2784	13.2251	13.6142
246.4308	13.1773	13.4996
246.5832	13.2130	13.5816
246.7356	13.4269	13.9893
246.8880	14.3087	14.1787
247.0404	15.1305	13.6968
247.1928	15.1142	13.7282
247.3452	15.2774	13.8291
247.4976	15.5388	13.9067
247.6500	15.0371	13.5801
247.8024	14.6173	13.5714
247.9548	15.2431	14.0795
248.1072	14.5605	13.9365
248.2596	13.8261	13.5157
248.4120	13.8458	13.5064
248.5644	13.8858	13.5420
248.7168	14.3399	13.6591
248.8692	14.9805	14.0528
249.0216	14.9488	14.4677
249.1740	15.3916	14.1065
249.3264	15.6606	14.3961
249.4788	15.3727	14.3856
249.6312	15.3091	14.3332
249.7836	15.4707	14.6427
249.9360	15.7816	15.2334
250.0884	15.7857	15.2722
250.2408	15.7373	15.2639
250.3932	15.4003	14.8026
250.5456	14.4315	13.9372
250.6980	13.4857	13.8403
250.8504	13.4701	13.6662
251.0028	13.4695	13.6691
251.1552	13.4739	13.5503
251.3076	14.0451	13.6602
251.4600	15.2354	14.4024
251.6124	15.4350	14.6847
251.7648	15.1712	14.6717
251.9172	15.1951	14.8369
252.0696	15.1288	15.0019
252.2220	14.4452	14.4717
252.3744	13.7861	14.4747
252.5268	13.8902	15.2660
252.6792	13.7993	15.2614
252.8316	13.6011	14.9101
252.9840	13.4619	14.1626
253.1364	13.3535	14.0450
253.2888	13.2830	14.5196
253.4412	13.5538	14.9550
253.5936	14.5157	14.6621
253.7460	15.4981	14.3736
253.8984	15.7790	14.7154
254.0508	15.7804	14.9100
254.2032	15.6377	15.0318
254.3556	15.4863	15.2640
254.5080	15.1971	14.9218
254.6604	14.1406	14.0917
254.8128	13.6963	13.5659
254.9652	13.5605	13.3661
255.1176	13.2603	13.4278
255.2700	13.4048	13.5635
255.4224	13.1333	13.5126
255.5748	12.9174	13.5802
255.7272	12.9503	13.5870
255.8796	13.0225	13.5768
256.0320	12.9634	13.5686
256.1844	12.7563	13.5731
256.3368	13.2130	14.0450
256.4892	13.8567	14.4414
256.6416	14.3302	14.3663
256.7940	15.4170	14.8614
256.9464	15.7595	15.2074
257.0988	15.7246	15.2576
257.2512	15.7296	14.9296
257.4036	15.7902	13.9824
257.5560	15.7877	13.8106
257.7084	14.9374	14.6208
257.8608	14.4220	13.9062
258.0132	15.6514	13.2443
258.1656	15.7721	14.3809
258.3180	15.7866	15.0347
258.4704	15.7869	15.1612
258.6228	15.7805	15.2201
258.7752	15.7685	15.2635
258.9276	15.7689	15.2604
259.0800	15.7641	15.2677
259.2324	15.6440	15.2662
259.3848	15.1835	15.2639
259.5372	14.2363	14.6522
259.6896	13.6558	13.6431
259.8420	13.5615	13.5479
259.9944	13.2222	14.1797
260.1468	13.3389	14.5292
260.2992	13.6939	14.0088
260.4516	14.2832	14.4825
260.6040	14.6377	15.0024
260.7564	14.4053	14.9263
260.9088	14.6285	15.1419
261.0612	14.5603	15.2266
261.2136	14.1445	14.4296
261.3660	13.6695	13.8067
261.5184	13.8135	14.4792
261.6708	14.4082	14.4078
261.8232	14.2382	14.4556
261.9756	13.2986	14.4687
262.1280	13.2837	13.9531
262.2804	13.3262	13.3906
262.4328	13.1898	13.2467
262.5852	13.1462	13.1089
262.7376	13.1654	12.8432
262.8900	13.0664	12.6055
263.0424	12.9502	12.9942
263.1948	13.2627	13.8438
263.3472	13.5602	14.2725
263.4996	13.5567	14.4233
263.6520	13.5389	14.4234
263.8044	13.9746	14.6064
263.9568	14.2899	14.0351
264.1092	13.4336	13.4493
264.2616	13.2696	14.2051
264.4140	13.9117	14.4873
264.5664	13.8659	14.3691
264.7188	13.7045	14.3676
264.8712	13.1153	14.0038
265.0236	13.5353	13.3685
265.1760	14.7710	13.2456
265.3284	14.9883	13.2095
265.4808	15.2148	13.4057
265.6332	15.2156	13.4159
265.7856	15.1089	13.4000
265.9380	14.8749	13.4048
266.0904	14.2480	13.4946
266.2428	13.5676	13.5061
266.3952	13.4862	13.4628
266.5476	13.3877	13.5457
266.7000	13.2881	13.5093
266.8524	13.3948	13.4348
267.0048	13.5456	13.3461
267.1572	13.4843	12.7656
267.3096	13.2026	12.5128
267.4620	12.9956	12.9854
267.6144	12.9000	13.2365
267.7668	12.8603	13.2141
267.9192	12.8532	13.2081
268.0716	12.9097	13.2317
268.2240	12.9602	13.2051
268.3764	13.5372	13.4532
268.5288	14.2677	13.8527
268.6812	15.0078	14.4512
268.8336	15.1347	14.6093
268.9860	14.4711	14.2066
269.1384	14.3986	14.7597
269.2908	13.7558	14.4100
269.4432	13.2749	13.4838
269.5956	13.4834	13.4706
269.7480	13.5247	13.5792
269.9004	13.2773	14.1953
270.0528	13.1043	14.4531
270.2052	13.2973	13.9140
270.3576	13.1084	13.5405
270.5100	12.8603	13.5039
270.6624	12.8359	13.4111
270.8148	12.9307	13.3262
270.9672	13.0434	13.3586
271.1196	12.8355	13.2875
271.2720	12.8975	13.4634
271.4244	13.3194	13.5447
271.5768	13.6538	13.3584
271.7292	13.4618	13.3657
271.8816	12.8642	13.2842
272.0340	12.5581	13.1297
272.1864	12.7056	13.3306
272.3388	12.7371	13.4143
272.4912	12.6605	13.3455
272.6436	12.6963	13.3620
272.7960	12.7910	13.4018
272.9484	13.0323	13.2515
273.1008	13.6085	13.5646
273.2532	14.5977	14.5762
273.4056	14.8212	14.5175
273.5580	14.4696	13.9030
273.7104	14.1972	13.6094
273.8628	13.9238	13.4450
274.0152	13.9054	13.7569
274.1676	13.3769	13.9525
274.3200	13.1709	13.6904
274.4724	13.5913	13.4857
274.6248	13.7740	13.5459
274.7772	13.2890	13.4736
274.9296	12.7775	13.3321
275.0820	12.7547	13.3202
275.2344	12.7498	13.3568
275.3868	12.8804	13.4502
275.5392	12.9899	13.6324
275.6916	13.3457	14.1201
275.8440	13.6268	14.1386
275.9964	13.4756	13.7187
276.1488	13.2324	13.4824
276.3012	13.0964	13.3362
276.4536	13.1427	13.3809
276.6060	13.1893	13.4299
276.7584	13.1790	13.3496
276.9108	13.1662	13.2629
277.0632	13.3042	13.7988
277.2156	13.6373	13.8261
277.3680	14.3418	13.3592
277.5204	14.5176	13.5987
277.6728	14.3899	14.1318
277.8252	14.4701	14.1626
277.9776	14.3669	13.9936
278.1300	14.3124	13.9664
278.2824	14.1244	13.6923
278.4348	13.4609	13.3066
278.5872	13.3291	13.3765
278.7396	13.5745	13.5287
278.8920	13.4555	13.4358
279.0444	13.2764	13.3597
279.1968	13.2261	13.4463
279.3492	13.0362	13.2461
279.5016	13.3632	13.1978
279.6540	13.0527	13.3080
279.8064	12.4636	13.2637
279.9588	12.5120	13.2752
280.1112	12.6099	13.2029
280.2636	12.7512	13.0102
280.4160	12.9702	12.9687
280.5684	12.9963	13.1524
280.7208	12.8647	13.2148
280.8732	12.7285	13.1326
281.0256	12.6721	13.0906
281.1780	12.8106	13.0897
281.3304	13.0493	13.0694
281.4828	13.1520	13.0751
281.6352	12.9702	13.1394
281.7876	12.8034	13.2464
281.9400	12.9566	13.4102
282.0924	13.0300	13.4150
282.2448	12.9758	13.3506
282.3972	12.9799	13.4094
282.5496	13.2520	13.3670
282.7020	13.9220	13.9942
282.8544	14.6485	14.8877
283.0068	15.4063	15.2173
283.1592	15.7775	15.2672
283.3116	15.5381	14.6484
283.4640	15.3840	14.3472
283.6164	14.8398	14.8857
283.7688	14.3491	14.2108
283.9212	14.1446	13.2618
284.0736	14.6290	14.0431
284.2260	15.1182	14.8391
284.3784	15.3750	15.1224
284.5308	15.4240	14.0429
284.6832	14.4764	13.8614
284.8356	13.4296	14.2231
284.9880	12.9868	13.8115
285.1404	12.8423	13.4507
285.2928	13.0328	13.3028
285.4452	13.7421	13.8105
285.5976	13.3417	13.5644
285.7500	12.9473	13.4815
285.9024	13.0494	13.7682
286.0548	13.0246	13.7777
286.2072	12.8794	14.1640
286.3596	12.6650	13.7851
286.5120	12.7432	13.2075
286.6644	12.8855	13.1841
286.8168	12.9183	13.2332
286.9692	12.9290	13.2361
287.1216	12.9476	13.2533
287.2740	12.8892	13.2107
287.4264	12.8619	13.1548
287.5788	12.8098	13.6679
287.7312	12.7766	13.4414
287.8836	12.8071	13.1041
288.0360	12.8162	13.1369
288.1884	12.8539	13.1458
288.3408	13.3193	13.4287
288.4932	13.1006	13.5114
288.6456	12.9409	13.2617
288.7980	13.1831	13.2407
288.9504	13.0811	13.2980
289.1028	13.3321	13.3459
289.2552	13.5484	13.3452
289.4076	14.3927	13.3655
289.5600	15.2432	13.2949
289.7124	15.4463	13.0859
289.8648	15.4693	13.0514
290.0172	15.4827	14.2774
290.1696	15.3957	15.1143
290.3220	15.3268	15.2313
290.4744	15.3203	15.2573
290.6268	15.3288	15.2622
290.7792	15.3236	15.2585
290.9316	14.0937	14.6210
291.0840	13.3786	13.9277
291.2364	13.3716	13.6860
291.3888	13.3834	13.5710
291.5412	13.2461	13.3365
291.6936	13.2653	13.6701
291.8460	14.5782	14.7735
291.9984	15.3560	15.2609
292.1508	15.3696	15.2640
292.3032	15.3358	15.2688
292.4556	15.0390	15.2690
292.6080	14.1737	14.5956
292.7604	13.3320	13.6933
292.9128	13.0777	13.4557
293.0652	13.0730	13.4853
293.2176	13.0855	13.4775
293.3700	12.9895	13.4240
293.5224	13.0139	13.6358
293.6748	13.0382	13.7310
293.8272	12.9943	13.7678
293.9796	12.9644	13.6723
294.1320	12.9641	13.5193
294.2844	12.9418	13.3682
294.4368	12.9521	13.5000
294.5892	12.8855	13.2793
294.7416	12.8514	13.2378
294.8940	12.8697	13.4148
295.0464	12.8139	13.1846
295.1988	13.0020	13.3398
295.3512	13.5157	13.2592
295.5036	13.8980	12.9868
295.6560	14.0370	12.9064
295.8084	14.0700	12.9111
295.9608	14.6464	13.1216
296.1132	14.0448	13.6495
296.2656	14.2130	13.6143
296.4180	14.9297	13.9180
296.5704	15.1500	14.1526
296.7228	15.0409	14.1655
296.8752	14.2988	13.7344
297.0276	13.9194	13.5969
297.1800	13.4023	13.6078
297.3324	13.1864	13.6653
297.4848	13.1794	13.7201
297.6372	13.2345	13.7022
297.7896	13.2053	13.4868
297.9420	13.1035	13.3444
298.0944	13.0360	13.3250
298.2468	13.0627	13.3378
298.3992	13.0951	13.6650
298.5516	13.1165	13.5708
298.7040	13.1692	13.3423
298.8564	13.1411	13.3031
299.0088	13.0945	13.3184
299.1612	13.3355	13.4119
299.3136	13.3655	13.2915
299.4660	13.2436	12.9809
299.6184	13.0640	12.8332
299.7708	13.0150	13.1006
299.9232	13.1655	13.0024
300.0756	13.2468	12.9441
300.2280	13.2662	12.9697
300.3804	13.3029	13.0215
300.5328	13.4041	13.2383
300.6852	13.5247	13.4654
300.8376	13.5632	13.7095
300.9900	13.6067	13.7704
301.1424	13.6201	13.4347
301.2948	14.1573	14.2696
301.4472	14.7520	14.6530
301.5996	14.8649	14.6421
301.7520	13.8144	14.1893
301.9044	13.0713	12.9238
302.0568	13.0220	12.4974
302.2092	13.0562	12.4306
302.3616	13.0726	12.2952
302.5140	13.1550	12.1733
302.6664	13.1346	12.2146
302.8188	13.1443	12.5230
302.9712	13.6290	12.7605
303.1236	14.0879	13.1026
303.2760	14.2034	13.4946
303.4284	14.2371	13.5239
303.5808	14.2745	13.5031
303.7332	15.1113	13.7953
303.8856	14.6290	13.1212
304.0380	15.1758	14.1407
304.1904	15.6116	14.5276
304.3428	15.6502	14.4295
304.4952	15.1259	15.0332
304.6476	14.1836	15.0342
304.8000	13.9110	15.0032
304.9524	14.5136	15.2051
305.1048	13.9394	15.2596
305.2572	13.7625	14.5917
305.4096	13.8177	13.9355
305.5620	14.0505	13.6806
305.7144	15.3360	13.5261
305.8668	15.7677	13.4235
306.0192	15.7847	14.5487
306.1716	14.8965	13.8612
306.3240	14.6371	13.2031
306.4764	14.6767	13.1033
306.6288	14.7098	13.0892
306.7812	15.0850	13.0529
306.9336	15.5293	13.9336
307.0860	15.5359	13.6397
307.2384	15.6426	13.6719
307.3908	15.7422	13.9185
307.5432	15.7553	13.9448
307.6956	13.9569	13.7158
307.8480	13.1490	13.1621
308.0004	13.8028	12.8841
308.1528	14.2295	13.2715
308.3052	14.3383	13.3531
308.4576	14.4161	13.7353
308.6100	14.3872	13.3644
308.7624	14.4363	14.1797
308.9148	14.5381	14.3104
309.0672	14.3681	13.4081
309.2196	14.1056	12.8667
309.3720	15.3126	13.0813
309.5244	15.7640	14.7735
309.6768	15.7856	15.2772
309.8292	15.5370	15.2694
309.9816	14.2323	14.8134
310.1340	13.5361	14.4126
310.2864	13.3788	14.4492
310.4388	13.3560	14.5014
310.5912	13.3174	14.6122
310.7436	13.1958	13.7519
310.8960	13.1531	13.2788
311.0484	13.1662	13.2197
311.2008	13.2313	13.2202
311.3532	13.0962	13.2471
311.5056	12.9999	13.5289
311.6580	12.9502	14.2256
311.8104	13.0126	14.0683
311.9628	13.2549	13.6542
312.1152	13.2373	13.4204
312.2676	13.3291	13.5212
312.4200	13.3606	13.5538
312.5724	13.3283	13.4829
312.7248	13.1989	13.7699
312.8772	13.8831	13.3577
313.0296	15.0958	14.4435
313.1820	15.4888	14.9385
313.3344	15.5284	15.0344
313.4868	14.6327	13.3319
313.6392	14.2480	12.7784
313.7916	14.0703	13.1504
313.9440	14.0576	13.2980
314.0964	14.0786	13.2994
314.2488	13.9430	13.0973
314.4012	13.6709	13.7638
314.5536	13.6008	14.1319
314.7060	13.6017	14.2810
314.8584	13.6029	14.2553
315.0108	15.1407	15.0703
315.1632	15.2823	15.2020
315.3156	15.4873	15.2465
315.4680	15.5140	15.2556
315.6204	13.9882	15.0429
315.7728	13.5024	14.7109
315.9252	13.4747	14.4180
316.0776	13.8510	14.4706
316.2300	15.3751	14.9434
316.3824	15.7667	15.2256
316.5348	15.7927	15.2696
316.6872	15.8180	15.2770
316.8396	13.5820	13.9259
316.9920	13.2486	14.2267
317.1444	13.3703	14.5845
317.2968	13.4412	14.7412
317.4492	13.1347	14.5023
317.6016	12.8589	14.0116
317.7540	13.0100	13.5665
317.9064	13.9355	13.9387
318.0588	13.6683	14.6719
318.2112	14.8458	14.7058
318.3636	15.3711	14.7359
318.5160	15.4540	15.1287
318.6684	15.1770	14.2771
318.8208	14.1093	13.1582
318.9732	13.5986	13.0444
319.1256	13.5337	12.9099
319.2780	13.5461	12.8328
319.4304	13.4882	12.5522
319.5828	13.5855	12.2930
319.7352	13.7837	12.3591
319.8876	13.8133	12.3946
320.0400	13.8122	12.3975
320.1924	13.2254	12.8838
320.3448	12.4406	12.9846
320.4972	13.1643	12.5460
320.6496	14.1485	13.0528
320.8020	14.3585	13.3253
320.9544	12.6679	13.7665
321.1068	12.3189	13.1916
321.2592	12.5996	13.9943
321.4116	12.5309	14.6583
321.5640	13.8942	14.8869
321.7164	12.4962	14.5712
321.8688	12.9005	14.0283
322.0212	13.3109	13.8909
322.1736	12.9199	13.9654
322.3260	12.6703	14.3410
322.4784	12.3940	14.8917
322.6308	12.3974	15.2256
322.7832	12.4667	15.2635
322.9356	12.4524	15.2551
323.0880	13.2656	13.8397
323.2404	13.3015	13.2540
323.3928	13.2095	13.7813
323.5452	13.1883	13.8695
323.6976	12.8423	13.7731
323.8500	12.8032	13.4061
324.0024	12.7545	12.5918
324.1548	13.2882	12.4989
324.3072	13.7566	13.1476
324.4596	12.6386	13.6134
324.6120	12.5387	13.9609
324.7644	12.5073	13.9514
324.9168	12.7392	13.8759
325.0692	12.4624	13.1972
325.2216	12.4122	12.9556
325.3740	12.2390	12.9050
325.5264	12.2847	12.9576
325.6788	12.5421	12.8745
325.8312	12.5531	12.8887
325.9836	12.5149	12.9040
326.1360	12.4633	13.0104
326.2884	12.3247	12.6514
326.4408	12.3326	12.7524
326.5932	12.3075	12.5684
326.7456	12.4277	12.6226
326.8980	12.3278	12.4903
327.0504	12.1643	12.6460
327.2028	12.3350	12.7795
327.3552	12.4396	12.7511
327.5076	12.3933	12.8115
327.6600	12.4111	12.7540
327.8124	12.4745	12.8038
327.9648	13.1600	12.9679
328.1172	12.3831	13.6174
328.2696	13.4357	14.5567
328.4220	14.2081	14.6047
328.5744	14.7520	15.0254
328.7268	14.8038	15.2404
328.8792	14.6478	15.0729
329.0316	13.8690	13.7557
329.1840	13.3712	13.1125
329.3364	13.7940	13.8242
329.4888	13.9216	13.8515
329.6412	14.1101	14.0007
329.7936	14.1884	14.0678
329.9460	14.3531	14.1897
330.0984	12.6132	14.1209
330.2508	12.4351	13.4690
330.4032	13.1564	14.5743
330.5556	13.8438	14.7655
330.7080	14.1615	14.8256
330.8604	13.5994	14.4199
331.0128	12.7170	14.4996
331.1652	13.5389	14.7865
331.3176	13.0508	14.4003
331.4700	12.9905	14.1561
331.6224	13.0514	13.6494
331.7748	13.5399	13.6142
331.9272	12.7814	13.4184
332.0796	13.3163	13.2815
332.2320	12.9775	13.3684
332.3844	12.6934	13.4346
332.5368	12.6993	13.6255
332.6892	12.9023	13.6320
332.8416	12.6846	13.3472
332.9940	12.6820	13.3225
333.1464	12.6834	13.2634
333.2988	13.7989	13.0970
333.4512	14.1683	13.3133
333.6036	15.5196	14.4766
333.7560	15.6519	14.5517
333.9084	15.7813	13.7987
334.0608	13.7966	13.1349
334.2132	12.4902	13.6377
334.3656	12.3622	13.7002
334.5180	12.2669	14.3447
334.6704	13.0468	14.2654
334.8228	12.8980	15.1407
334.9752	12.9007	15.2508
335.1276	12.7978	14.8729
335.2800	12.4937	14.3262
335.4324	12.5301	14.4077
335.5848	12.6543	14.4664
335.7372	13.4789	15.2119
335.8896	14.8713	15.2598
336.0420	15.5309	15.2556
336.1944	13.9372	15.2299
336.3468	12.8360	13.2303
336.4992	13.1923	12.7346
336.6516	12.9991	13.6505
336.8040	13.1939	13.9332
336.9564	13.4509	14.1755
337.1088	14.3321	12.8615
337.2612	14.4393	13.6114
337.4136	14.7173	13.7353
337.5660	14.7366	13.9283
337.7184	14.7032	14.1569
337.8708	13.1638	12.9238
338.0232	11.9395	12.9791
338.1756	12.0027	13.2574
338.3280	11.9891	13.7002
338.4804	12.0516	13.7062
338.6328	12.0481	13.6932
338.7852	12.0627	13.4631
338.9376	12.3910	12.2656
339.0900	11.9278	12.2690
339.2424	12.1482	12.7169
339.3948	13.1992	13.0269
339.5472	13.2844	13.0419
339.6996	13.5876	12.8325
339.8520	14.2442	12.8744
340.0044	14.2838	12.8289
340.1568	15.0614	12.5479
340.3092	14.6572	12.7001
340.4616	14.7294	13.2697
340.6140	14.9190	15.2031
340.7664	14.9479	15.2293
340.9188	15.1998	15.2445
341.0712	13.4729	12.9295
341.2236	14.4799	12.2472
341.3760	12.2815	12.6935
341.5284	13.4415	13.3116
341.6808	13.9211	13.7879
341.8332	14.7872	12.9453
341.9856	15.1169	12.9435
342.1380	15.7949	11.9808
342.2904	15.7491	13.1367
342.4428	15.4717	13.1689
342.5952	15.5099	11.8906
342.7476	15.4249	11.8838
342.9000	15.5151	12.1816
343.0524	14.2748	12.0658
343.2048	13.9108	11.7850
343.3572	13.9131	11.7263
343.5096	14.0296	11.6359
343.6620	15.2807	12.3795
343.8144	12.8584	12.3093
343.9668	13.0670	15.0020
344.1192	15.3111	15.2714
344.2716	15.4976	15.2666
344.4240	15.6221	15.2714
344.5764	15.7736	15.2667
344.7288	15.8195	15.2787
344.8812	15.7769	15.2665
345.0336	15.7902	15.2639
345.1860	15.7902	15.2565
345.3384	15.7836	15.2566
345.4908	15.3689	15.2589
345.6432	14.2807	15.2518
345.7956	14.2026	15.2577
345.9480	13.9801	15.1795
346.1004	12.3783	14.3223
346.2528	12.0647	14.3223
346.4052	13.0275	14.4735
346.5576	13.5128	13.9423
346.7100	14.0017	13.9435
346.8624	13.9931	13.9395
347.0148	13.9383	14.1130
347.1672	13.2515	13.9519
347.3196	13.5541	14.0967
347.4720	13.2423	13.9805
347.6244	13.2608	14.0088
347.7768	13.2185	14.0206
347.9292	12.0639	14.3382
348.0816	11.7973	14.4370
348.2340	13.4490	14.4315
348.3864	12.5977	14.0230
348.5388	12.6192	14.0734
348.6912	12.6084	14.0679
348.8436	12.5823	14.0645
348.9960	12.4966	14.4244
349.1484	14.7459	14.8126
349.3008	13.9224	15.2712
349.4532	14.1264	15.2666
349.6056	13.8692	15.2668
349.7580	14.1488	15.2707
349.9104	15.6478	15.2571
350.0628	13.2173	15.2590
350.2152	13.1570	15.0672
350.3676	13.3102	14.4624
350.5200	13.3278	14.4137
350.6724	13.3745	14.4101
350.8248	13.4823	14.0350
350.9772	13.0376	13.3397
351.1296	13.2140	13.2822
351.2820	13.6170	13.1606
351.4344	13.7514	12.8151
351.5868	13.4288	12.8350
351.7392	13.7398	13.0860
351.8916	13.6448	13.2846
352.0440	13.6168	12.9323
352.1964	13.6585	12.9527
352.3488	13.6376	12.9428
352.5012	13.3572	12.8385
352.6536	12.3993	13.1680
352.8060	12.3829	13.3329
352.9584	12.7085	12.7420
353.1108	12.8209	12.7487
353.2632	13.0499	12.7848
353.4156	13.0411	12.7496
353.5680	12.9842	13.0373
353.7204	12.1734	13.8217
353.8728	12.2760	13.5541
354.0252	12.3185	13.1953
354.1776	12.3302	13.0979
354.3300	12.3313	13.1022
354.4824	12.3326	13.1118
354.6348	12.3805	13.1835
354.7872	12.7740	12.6520
354.9396	13.1384	11.2101
355.0920	13.2120	11.6851
355.2444	13.6368	11.6701
355.3968	13.5561	11.7053
355.5492	13.5173	12.4612
355.7016	13.3261	13.6343
355.8540	13.0157	13.8530
356.0064	13.4175	13.8011
356.1588	11.6259	15.2479
356.3112	15.4488	15.2596
356.4636	15.7597	15.2639
356.6160	15.7574	15.2629
356.7684	15.7868	15.2636
356.9208	15.7543	15.2586
357.0732	15.3729	15.2468
357.2256	14.8416	15.2693
357.3780	14.9849	15.2614
357.5304	15.1894	15.2715
357.6828	15.3116	15.2709
357.8352	15.6092	15.1677
357.9876	14.9018	14.2489
358.1400	12.8661	13.5953
358.2924	12.5972	13.7496
358.4448	12.7296	13.7966
358.5972	12.7895	13.6679
358.7496	13.0434	13.3572
358.9020	14.7739	13.4261
359.0544	14.4682	14.9146
359.2068	14.2460	15.1401
359.3592	13.8602	14.7966
359.5116	13.3026	13.7474
359.6640	12.6053	13.9513
359.8164	12.7480	14.5362
359.9688	12.7598	14.6096
360.1212	12.7310	14.3514
360.2736	12.9800	13.5093
360.4260	13.2519	13.4655
360.5784	13.1818	13.5178
360.7308	13.6924	14.2627
360.8832	13.7162	14.3159
361.0356	13.7109	14.3092
361.1880	13.5805	14.4026
361.3404	13.4456	14.3787
361.4928	14.6154	13.5042
361.6452	15.1518	14.5955
361.7976	13.0954	13.6893
361.9500	11.8522	13.0716
362.1024	11.9757	13.1607
362.2548	12.3413	13.4444
362.4072	12.2267	13.6542
362.5596	12.5979	13.0810
362.7120	12.7525	12.7060
362.8644	12.9553	12.3993
363.0168	13.9845	12.0143
363.1692	14.5812	12.1957
363.3216	15.2989	13.7386
363.4740	15.7602	14.8570
363.6264	15.7602	15.0600
363.7788	15.7210	14.9470
363.9312	15.0815	13.7284
364.0836	12.7335	13.2843
364.2360	13.0391	13.7284
364.3884	13.3108	13.6762
364.5408	13.3535	13.6244
364.6932	13.4654	13.3281
364.8456	13.6013	13.1495
364.9980	12.7045	13.4123
365.1504	12.6836	14.2168
365.3028	12.8694	14.0895
365.4552	13.7414	12.5679
365.6076	13.5048	12.6366
365.7600	13.1671	12.2502
365.9124	13.6427	13.1717
366.0648	14.1211	12.5373
366.2172	14.1797	12.5112
366.3696	14.1623	12.3652
366.5220	14.0610	12.3418
366.6744	14.0583	12.4989
366.8268	13.0283	12.1368
366.9792	12.8475	12.5520
367.1316	12.8666	12.5841
367.2840	12.8436	13.0987
367.4364	12.7461	13.0889
367.5888	12.6397	13.0478
367.7412	12.8146	12.7339
367.8936	12.8869	12.6437
368.0460	12.9242	12.6786
368.1984	13.2698	12.7071
368.3508	14.3761	13.0120
368.5032	14.8319	14.2801
368.6556	14.3281	13.7378
368.8080	14.4090	13.8788
368.9604	13.7049	13.2421
369.1128	13.1773	12.9350
369.2652	13.3284	12.6923
369.4176	14.2945	12.4188
369.5700	14.6269	11.8442
369.7224	14.4294	11.7483
369.8748	13.0886	12.7053
370.0272	13.0663	13.4279
370.1796	13.0601	13.9749
370.3320	13.1736	15.0916
370.4844	13.2114	14.4510
370.6368	13.2699	13.7597
370.7892	14.6211	13.5899
370.9416	14.7696	13.9748
371.0940	15.1965	14.7826
371.2464	15.1234	14.8907
371.3988	14.6033	15.1014
371.5512	13.5523	14.4325
371.7036	13.7262	13.9126
371.8560	13.6709	13.8213
372.0084	13.7543	13.9262
372.1608	13.8770	13.4567
372.3132	14.2540	12.0198
372.4656	14.6357	12.9337
372.6180	14.4745	13.3741
372.7704	13.9262	13.7713
372.9228	13.7245	13.1404
373.0752	13.7257	12.2901
373.2276	13.6171	12.3770
373.3800	13.2461	12.3668
373.5324	13.4381	12.3847
373.6848	13.3515	12.4308
373.8372	13.0699	12.3574
373.9896	13.2766	12.3247
374.1420	13.2373	12.2503
374.2944	13.4188	12.1816
374.4468	13.4267	12.1776
374.5992	13.4185	12.1418
374.7516	13.4061	12.1314
374.9040	13.4024	12.3585
375.0564	13.3281	12.2802
375.2088	13.1248	11.9575
375.3612	13.1311	11.9548
375.5136	13.0947	12.0675
375.6660	13.1261	12.3738
375.8184	13.1878	12.5764
375.9708	13.3394	13.5113
376.1232	13.4816	13.6085
376.2756	13.4797	13.6128
376.4280	13.4465	13.3279
376.5804	13.6487	12.5036
376.7328	14.5734	13.1605
376.8852	15.0812	14.7345
377.0376	15.6644	15.2497
377.1900	15.6566	15.2516
377.3424	15.3904	15.0779
377.4948	14.4471	14.0349
377.6472	13.6770	12.8089
377.7996	13.7596	13.8781
377.9520	13.9854	13.9401
378.1044	14.2722	13.9841
378.2568	14.0986	13.9208
378.4092	13.8007	13.3457
378.5616	13.5913	13.3418
378.7140	13.3892	13.4633
378.8664	13.6820	13.3002
379.0188	13.8057	12.8006
379.1712	13.9492	12.0821
379.3236	13.7858	12.1316
379.4760	13.7774	12.2901
379.6284	13.5682	12.4889
379.7808	13.0808	12.4447
379.9332	13.0986	12.4321
380.0856	13.1500	12.5051
380.2380	13.1995	12.4664
380.3904	13.3878	12.7232
380.5428	13.7085	12.9846
380.6952	13.9209	12.9706
380.8476	13.7382	12.3740
381.0000	13.3989	12.1115
381.1524	13.3576	12.6806
381.3048	13.9864	12.4053
381.4572	14.4735	12.4691
381.6096	14.0603	12.4462
381.7620	13.9784	12.2426
381.9144	14.0525	12.2513
382.0668	14.0775	12.4698
382.2192	13.6796	12.7817
382.3716	13.2916	12.8145
382.5240	13.2604	12.9384
382.6764	13.2432	12.4707
382.8288	13.2633	12.2825
382.9812	13.2945	12.3927
383.1336	13.4668	12.7105
383.2860	13.3525	12.7313
383.4384	13.0482	12.3310
383.5908	13.0532	12.1454
383.7432	13.0379	11.8700
383.8956	12.9912	11.4797
384.0480	12.9059	11.4021
384.2004	12.8817	11.7658
384.3528	12.9698	12.5513
384.5052	13.4025	12.6299
384.6576	14.1539	12.7099
384.8100	14.3360	12.6538
384.9624	13.9901	12.7161
385.1148	13.4370	12.8589
385.2672	13.2318	12.8222
385.4196	13.2395	12.3681
385.5720	13.4204	11.9836
385.7244	13.5576	11.9466
385.8768	13.5439	12.0397
386.0292	13.4868	12.0383
386.1816	13.3973	12.0448
386.3340	13.5528	12.0609
386.4864	13.6972	12.1021
386.6388	13.5996	12.3946
386.7912	13.5071	12.6415
386.9436	13.5615	12.2695
387.0960	13.5223	12.1232
387.2484	13.5613	12.0907
387.4008	13.5403	12.0664
387.5532	13.5008	12.1070
387.7056	13.6516	12.2285
387.8580	13.7108	12.2036
388.0104	13.7226	12.0095
388.1628	13.7117	12.0297
388.3152	13.6715	11.9899
388.4676	13.5898	11.9203
388.6200	13.4928	11.8756
388.7724	13.3794	11.8728
388.9248	13.2537	11.8970
389.0772	13.2949	12.1719
389.2296	13.3409	12.2625
389.3820	13.3530	12.2568
389.5344	13.2917	12.2463
389.6868	13.0615	12.2625
389.8392	12.9738	12.2153
389.9916	13.7101	11.9413
390.1440	14.2395	11.6036
390.2964	14.2752	11.6248
390.4488	14.2487	12.0412
390.6012	13.8807	12.6357
390.7536	13.2803	12.3301
390.9060	13.1950	12.4925
391.0584	13.1474	12.5943
391.2108	12.9145	12.7458
391.3632	12.6902	12.7741
391.5156	12.7843	12.9004
391.6680	13.2657	12.8055
391.8204	13.6483	12.3363
391.9728	12.8856	12.1845
392.1252	12.3095	12.0148
392.2776	12.0174	12.0357
392.4300	12.1094	12.0812
392.5824	12.2050	12.1657
392.7348	12.0548	12.2835
392.8872	12.5460	12.4444
393.0396	12.9420	12.6372
393.1920	13.4747	12.6909
393.3444	13.8319	12.4580
393.4968	13.2257	12.4019
393.6492	13.2898	12.3923
393.8016	13.1054	12.4295
393.9540	12.7441	12.6075
394.1064	13.0568	12.7371
394.2588	13.6679	12.4951
394.4112	13.5820	12.2432
394.5636	13.2651	12.4259
394.7160	13.1867	12.2631
394.8684	13.2475	12.0399
395.0208	13.1464	12.0226
395.1732	12.6642	12.7074
395.3256	13.0647	14.2559
395.4780	14.0491	14.5995
395.6304	14.9767	14.3233
395.7828	15.4889	14.4784
395.9352	15.4312	13.8879
396.0876	15.4231	13.8256
396.2400	15.4193	14.0274
396.3924	15.1315	14.3638
396.5448	13.9139	14.5129
396.6972	13.2112	14.0369
396.8496	14.2892	13.2115
397.0020	14.8438	13.0864
397.1544	15.0596	13.1640
397.3068	14.0114	12.9353
397.4592	12.5074	12.0874
397.6116	12.8551	12.2713
397.7640	13.2158	12.3133
397.9164	13.2996	12.4151
398.0688	12.5877	12.4650
398.2212	11.7486	12.2754
398.3736	11.6103	12.3077
398.5260	11.4865	12.5455
398.6784	12.0608	12.8283
398.8308	13.0695	13.5967
398.9832	13.6165	13.7490
399.1356	13.7613	13.7542
399.2880	13.6552	13.7660
399.4404	13.5202	13.7141
399.5928	14.1447	13.6549
399.7452	15.0284	13.6205
399.8976	15.3696	13.6085
400.0500	15.3122	14.1155
400.2024	13.9058	15.0386
400.3548	12.2335	15.2535
400.5072	12.4982	15.2582
400.6596	13.2617	15.2633
400.8120	13.0897	15.2551
400.9644	12.6096	15.0165
401.1168	13.7333	14.5738
401.2692	13.5095	14.7696
401.4216	12.5994	15.2435
401.5740	11.8371	15.2505
401.7264	11.6466	14.6287
401.8788	12.3090	13.9542
402.0312	13.9435	14.5265
402.1836	14.6793	15.0650
402.3360	14.5551	15.2374
402.4884	14.0428	15.2472
402.6408	13.2248	15.2547
402.7932	14.0472	15.2666
402.9456	15.4970	15.0107
403.0980	15.1961	14.6886
403.2504	15.3502	14.7444
403.4028	15.5767	14.9804
403.5552	15.7713	14.8515
403.7076	15.7542	14.4786
403.8600	15.7698	14.9503
404.0124	15.7902	15.2715
404.1648	15.7778	15.2626
404.3172	15.5145	14.4450
404.4696	14.7089	13.2833
404.6220	14.2403	13.8049
404.7744	14.6602	14.6751
404.9268	14.9336	14.7469
405.0792	14.4140	15.0020
405.2316	13.9884	15.2505
405.3840	14.3680	15.2360
405.5364	14.4942	15.2094
405.6888	14.3602	15.1034
405.8412	13.6482	14.5664
405.9936	12.7060	14.3526
406.1460	12.3887	14.7847
406.2984	12.6193	14.8942
406.4508	13.1191	14.6853
406.6032	13.1112	13.7341
406.7556	12.5681	12.7431
406.9080	12.4399	12.5292
407.0604	12.7295	12.9590
407.2128	12.9189	13.1425
407.3652	12.7201	12.9935
407.5176	13.3516	14.1682
407.6700	13.6903	15.1967
407.8224	12.9609	14.8652
407.9748	12.6146	14.5314
408.1272	12.6587	14.4900
408.2796	12.6399	14.1033
408.4320	12.6565	13.3661
408.5844	12.4826	12.9785
408.7368	13.2151	12.8713
408.8892	14.4032	12.6640
409.0416	14.4424	12.4923
409.1940	14.4302	12.4767
409.3464	13.9725	13.0567
409.4988	13.1337	13.3592
409.6512	12.7461	12.7149
409.8036	12.8980	12.8507
409.9560	13.1205	13.2814
410.1084	13.2876	13.5255
410.2608	13.4905	13.8177
410.4132	13.5731	14.2696
410.5656	13.7432	14.4060
410.7180	13.9758	13.5525
410.8704	13.8613	12.7578
411.0228	13.6701	12.5543
411.1752	13.6619	12.5805
411.3276	13.6512	12.6001
411.4800	13.6569	12.4472
411.6324	13.0059	12.1475
411.7848	13.1566	12.1343
411.9372	14.3879	12.3365
412.0896	15.2482	12.5557
412.2420	15.7748	12.8923
412.3944	15.7841	13.6114
412.5468	15.6551	14.0661
412.6992	14.7693	13.9161
412.8516	13.8515	14.1456
413.0040	13.5044	14.6875
413.1564	13.4093	14.7119
413.3088	13.7325	14.5653
413.4612	14.0664	14.9481
413.6136	14.1125	14.4607
413.7660	13.9223	13.4453
413.9184	13.7883	13.2444
414.0708	13.7752	13.2909
414.2232	13.4295	13.2920
414.3756	12.7147	12.7323
414.5280	12.4361	12.2972
414.6804	12.5212	12.5679
414.8328	12.5012	12.7522
414.9852	12.6363	12.8072
415.1376	12.7838	13.0705
415.2900	12.7458	13.9336
415.4424	12.6605	14.1054
415.5948	12.6934	13.6390
415.7472	12.7236	13.0213
415.8996	12.7299	12.4425
416.0520	12.7271	12.4873
416.2044	12.8956	12.6316
416.3568	13.3907	12.6372
416.5092	13.6696	12.6085
416.6616	13.5765	12.6512
416.8140	13.0409	12.4990
416.9664	12.6738	12.5597
417.1188	12.6429	13.2717
417.2712	12.8954	14.0419
417.4236	12.5722	13.6698
417.5760	12.2647	13.1248
417.7284	12.4601	13.1910
417.8808	12.3945	13.0634
418.0332	12.3643	12.8652
418.1856	12.4858	12.7684
418.3380	12.4949	12.6267
418.4904	12.4079	12.6812
418.6428	12.5308	12.8047
418.7952	12.8770	13.4728
418.9476	13.1343	14.1254
419.1000	13.2768	13.9599
419.2524	13.2289	13.7247
419.4048	12.9208	13.6821
419.5572	12.7019	13.7512
419.7096	12.8569	13.8092
419.8620	12.7763	13.7090
420.0144	12.6753	13.8106
420.1668	12.5869	13.9792
420.3192	12.4122	13.8363
420.4716	12.3504	13.3847
420.6240	12.1656	13.0672
420.7764	12.5040	13.1910
420.9288	12.8279	13.4234
421.0812	12.8196	13.5046
421.2336	12.8422	13.6192
421.3860	12.8388	13.7946
421.5384	12.9305	14.3829
421.6908	13.2686	14.6435
421.8432	13.5195	14.5181
421.9956	13.5470	14.5136
422.1480	13.5603	14.5636
422.3004	12.9354	14.2166
422.4528	12.3965	13.4902
422.6052	12.4580	13.1948
422.7576	12.2607	13.1391
422.9100	12.0537	13.0815
423.0624	12.0234	13.0944
423.2148	11.9951	13.1640
423.3672	12.0295	12.9736
423.5196	12.2583	12.7490
423.6720	12.3845	12.8142
423.8244	12.7265	12.5937
423.9768	12.4413	12.5083
424.1292	12.0421	12.6596
424.2816	12.0581	12.7282
424.4340	11.9248	12.7876
424.5864	11.8570	12.7124
424.7388	12.0596	12.8555
424.8912	12.2474	12.9553
425.0436	12.5059	12.9290
425.1960	12.4875	12.7257
425.3484	13.1056	13.0763
425.5008	13.7188	13.5325
425.6532	13.8311	13.6600
425.8056	14.8710	14.0148
425.9580	14.5193	14.5127
426.1104	13.5165	14.7142
426.2628	13.2858	14.7099
426.4152	12.7439	14.6174
426.5676	11.7890	14.3637
426.7200	11.5430	14.2471
426.8724	11.6857	14.0088
427.0248	11.8672	13.9248
427.1772	11.9723	13.9544
427.3296	11.8740	13.7034
427.4820	11.7153	13.0195
427.6344	12.5977	12.7574
427.7868	12.7285	14.1760
427.9392	12.5025	15.1790
428.0916	12.6641	15.2591
428.2440	12.6957	15.2565
428.3964	12.2265	15.0394
428.5488	11.9354	14.4003
428.7012	11.8690	13.8330
428.8536	12.2543	13.8368
429.0060	13.9924	13.5479
429.1584	14.8437	13.6016
429.3108	14.7932	13.9532
429.4632	14.7944	14.1388
429.6156	14.8882	14.5694
429.7680	14.1447	14.6827
429.9204	14.9611	15.0097
430.0728	15.7782	14.8906
430.2252	15.7791	14.9766
430.3776	15.7879	15.1783
430.5300	15.7902	15.2304
430.6824	15.7902	15.1128
430.8348	15.7841	15.1704
430.9872	15.7800	15.2576
431.1396	15.7881	15.2598
431.2920	15.7932	15.2617
431.4444	15.7913	15.2678
431.5968	15.6957	15.2706
431.7492	13.2495	14.6112
431.9016	11.3945	13.9482
432.0540	11.2701	13.9512
432.2064	11.4715	14.2619
432.3588	11.8418	14.8641
432.5112	12.0401	14.1893
432.6636	12.2009	13.5555
432.8160	12.9629	13.7981
432.9684	13.0724	14.7148
433.1208	13.6253	14.6132
433.2732	14.7852	14.2465
433.4256	15.0273	14.0752
433.5780	14.8052	14.1631
433.7304	14.7376	14.2877
433.8828	14.8588	14.8341
434.0352	14.3731	15.1372
434.1876	14.6877	15.2229
434.3400	15.5078	15.2641
434.4924	15.3298	15.0225
434.6448	14.2186	15.1392
434.7972	13.4014	15.1361
434.9496	13.5137	14.6747
435.1020	13.6316	14.0448
435.2544	13.5896	13.6742
435.4068	13.5010	13.1894
435.5592	12.5858	12.9852
435.7116	11.9800	13.3642
435.8640	12.0889	13.1923
436.0164	12.1538	12.8876
436.1688	11.9189	12.6957
436.3212	11.9210	12.3940
436.4736	12.1421	12.1485
436.6260	12.1969	12.3248
436.7784	12.2529	12.6964
436.9308	12.2217	13.0308
437.0832	12.3375	13.1835
437.2356	12.5972	13.2415
437.3880	12.7673	13.3209
437.5404	12.7893	13.3486
437.6928	12.7896	13.2731
437.8452	12.7936	13.0424
437.9976	12.8118	12.8550
438.1500	12.7404	12.9898
438.3024	12.5498	13.2964
438.4548	12.4738	13.4073
438.6072	12.4700	13.3848
438.7596	12.2470	13.5938
438.9120	12.1120	13.8142
439.0644	11.9077	13.6782
439.2168	11.7219	13.5236
439.3692	11.7776	13.4963
439.5216	11.8457	13.4060
439.6740	11.9453	13.4665
439.8264	12.0896	13.1084
439.9788	12.0222	13.0110
440.1312	12.0197	13.1851
440.2836	12.1330	13.5177
440.4360	12.0795	13.8350
440.5884	11.8550	14.0130
440.7408	11.8513	14.1455
440.8932	12.6446	14.1445
441.0456	12.7692	14.1390
441.1980	13.2696	14.2261
441.3504	13.4181	14.3816
441.5028	13.0713	14.2612
441.6552	12.9132	14.2021
441.8076	12.8689	14.2493
441.9600	12.9680	14.3640
442.1124	13.0635	14.3974
442.2648	13.2009	14.4155
442.4172	13.2754	14.4693
442.5696	13.2308	14.8877
442.7220	12.9258	14.9742
442.8744	13.1895	14.3359
443.0268	13.4945	14.0137
443.1792	12.9081	13.9757
443.3316	12.5095	13.8027
443.4840	12.4499	13.7366
443.6364	12.7114	13.7116
443.7888	12.7409	13.6810
443.9412	12.4062	13.8604
444.0936	13.3103	13.8004
444.2460	12.4764	13.4149
444.3984	11.8423	12.7323
444.5508	12.0842	12.3451
444.7032	12.9181	12.0489
444.8556	13.4550	12.4435
445.0080	13.3041	12.9717
445.1604	12.8671	13.0682
445.3128	12.7104	13.1292
445.4652	12.8745	13.3871
445.6176	12.9307	14.7694
445.7700	13.7579	14.3551
445.9224	14.1919	12.9062
446.0748	14.2072	12.7687
446.2272	13.1503	13.3477
446.3796	12.5884	13.3850
446.5320	12.7988	13.2880
446.6844	12.8346	12.9395
446.8368	12.3251	13.2970
446.9892	12.0486	13.6096
447.1416	12.2330	13.6753
447.2940	12.4278	13.6870
447.4464	12.5596	13.6552
447.5988	12.6460	13.5144
447.7512	12.9960	14.4042
447.9036	12.6524	13.8105
448.0560	12.9083	13.4783
448.2084	13.1765	14.1935
448.3608	13.2568	14.6216
448.5132	13.2962	14.7049
448.6656	13.8299	14.6782
448.8180	13.0368	14.1597
448.9704	11.5995	12.3748
449.1228	11.0117	11.6523
449.2752	10.9331	11.6427
449.4276	10.9389	11.7203
449.5800	12.3986	11.7030
449.7324	13.2093	12.5081
449.8848	14.3651	13.8634
450.0372	13.8515	14.3905
450.1896	13.5361	13.7089
450.3420	13.4173	13.3754
450.4944	12.6698	13.0975
450.6468	12.2100	12.6543
450.7992	12.1790	12.4852
450.9516	12.2881	12.9559
451.1040	12.4688	12.4863
451.2564	12.5512	12.3097
451.4088	12.5388	12.1066
451.5612	12.8595	12.6243
451.7136	13.3605	13.5665
451.8660	13.9385	13.8409
452.0184	14.1980	13.9759
452.1708	14.1101	14.3097
452.3232	13.0761	14.7957
452.4756	12.5997	13.9609
452.6280	12.8025	13.6042
452.7804	14.0040	14.2110
452.9328	14.2346	14.6197
453.0852	14.1941	14.7443
453.2376	13.6355	14.8999
453.3900	12.6952	13.7070
453.5424	12.2705	13.6143
453.6948	12.0828	13.7778
453.8472	12.1106	13.7141
453.9996	12.1381	13.4790
454.1520	12.2755	13.6155
454.3044	12.5903	12.5838
454.4568	12.5445	11.8810
454.6092	12.6680	12.3677
454.7616	12.7708	14.2657
454.9140	12.6182	14.4847
455.0664	12.6237	13.7305
455.2188	12.7254	13.9266
455.3712	13.0077	13.3574
455.5236	12.5761	13.2913
455.6760	12.4448	13.5410
455.8284	12.3860	13.5211
455.9808	12.3862	13.4818
456.1332	12.3457	12.8573
456.2856	12.4258	12.5105
456.4380	12.5781	13.3518
456.5904	13.3168	14.4336
456.7428	14.7617	14.3491
456.8952	14.5596	14.1118
457.0476	14.5728	14.0728
457.2000	14.8180	14.3702
457.3524	15.3945	14.6005
457.5048	15.1784	14.2843
457.6572	13.9688	14.7662
457.8096	14.1319	13.3085
457.9620	14.2941	12.9406
458.1144	14.2377	12.8621
458.2668	13.4431	12.6861
458.4192	12.3027	12.8444
458.5716	12.2383	13.4425
458.7240	12.3244	14.0460
458.8764	12.4402	14.1891
459.0288	12.5505	14.4146
459.1812	12.5919	14.5325
459.3336	12.6596	15.1182
459.4860	13.3652	15.2466
459.6384	13.4106	15.2469
459.7908	13.2217	15.2467
459.9432	13.2017	15.2467
460.0956	13.2097	15.2508
460.2480	13.2154	15.2492
460.4004	12.4826	14.2127
460.5528	13.4158	13.6348
460.7052	12.6289	13.8125
460.8576	12.4431	13.9846
461.0100	12.3933	13.9968
461.1624	12.3734	14.2886
461.3148	12.6822	14.5053
461.4672	13.0315	15.0967
461.6196	14.1130	15.2354
461.7720	13.0351	15.2529
461.9244	12.8151	14.2050
462.0768	12.7873	14.0048
462.2292	13.0551	14.3070
462.3816	12.8569	13.6971
462.5340	12.6716	12.8340
462.6864	12.4214	12.8991
462.8388	12.3390	13.4603
462.9912	13.3574	14.9801
463.1436	13.1084	13.5116
463.2960	12.9796	13.1152
463.4484	13.6211	12.8935
463.6008	13.5173	12.7958
463.7532	12.3027	13.2254
463.9056	11.9970	12.4785
464.0580	11.8813	12.3965
464.2104	11.8297	12.1254
464.3628	11.7200	11.9610
464.5152	11.7386	12.3163
464.6676	12.4747	12.0828
464.8200	12.8426	13.2228
464.9724	14.1798	13.9268
465.1248	14.7451	14.1626
465.2772	14.5698	14.1751
465.4296	14.2793	13.6887
465.5820	14.3530	14.5839
465.7344	14.3425	14.3271
465.8868	14.8165	14.3318
466.0392	14.9976	14.2989
466.1916	14.3544	13.5665
466.3440	14.0234	14.0176
466.4964	13.6664	13.9631
466.6488	13.4106	13.7051
466.8012	13.3876	13.6727
466.9536	13.2220	13.7058
467.1060	12.6006	14.9332
467.2584	12.8505	13.3596
467.4108	12.4425	14.1934
467.5632	12.8174	14.1750
467.7156	12.9880	14.1364
467.8680	13.0083	14.1292
468.0204	12.6699	14.4210
468.1728	12.6888	12.9923
468.3252	12.4187	13.3204
468.4776	13.2617	13.5410
468.6300	13.0737	13.4228
468.7824	13.0174	13.3722
468.9348	13.0070	13.3681
469.0872	12.8589	13.4546
469.2396	12.7825	13.3667
469.3920	12.8496	13.4116
469.5444	13.8537	12.7568
469.6968	14.5000	12.6379
469.8492	14.5578	12.6290
470.0016	14.5630	12.6327
470.1540	14.6134	12.7033
470.3064	13.9779	13.2738
470.4588	15.4996	14.7810
470.6112	13.8672	13.8732
470.7636	14.0181	14.4385
470.9160	14.1582	14.5682
471.0684	14.1824	14.6108
471.2208	14.6956	14.9786
471.3732	15.6925	15.2373
471.5256	12.3751	15.2478
471.6780	12.7286	15.2478
471.8304	13.2023	15.2343
471.9828	13.8360	15.2353
472.1352	14.2608	15.2502
472.2876	14.3921	15.2560
472.4400	15.4571	14.8347
472.5924	15.7492	13.9413
472.7448	14.6017	13.4504
472.8972	15.1876	14.3029
473.0496	15.6963	14.8751
473.2020	15.7803	15.2323
473.3544	15.7787	14.5527
473.5068	15.7824	14.4013
473.6592	15.7751	14.3740
473.8116	15.7828	14.5012
473.9640	12.6802	14.5978
474.1164	14.7345	13.9894
474.2688	15.3203	14.6563
474.4212	15.3443	14.7280
474.5736	15.4106	14.7946
474.7260	15.1549	13.5737
474.8784	13.6447	11.6292
475.0308	14.5094	12.7752
475.1832	12.9729	11.9807
475.3356	13.7930	12.7424
475.4880	13.8528	13.4326
475.6404	13.9513	13.5003
475.7928	14.4805	13.7394
475.9452	14.4676	14.4489
476.0976	14.0839	13.1445
476.2500	13.8284	12.8124
476.4024	13.1385	12.6050
476.5548	12.3984	12.5652
476.7072	12.3588	12.4312
476.8596	12.1615	12.4409
477.0120	11.8186	14.3591
477.1644	12.8104	13.1036
477.3168	12.2667	13.3790
477.4692	12.5513	13.5918
477.6216	12.7298	13.6104
477.7740	13.0171	14.3135
477.9264	13.0441	14.5032
478.0788	13.0447	14.5105
478.2312	12.8791	14.4658
478.3836	12.5815	12.6873
478.5360	12.3712	11.9084
478.6884	12.7696	12.7188
478.8408	13.0410	12.7544
478.9932	13.0722	12.7544
479.1456	13.0759	12.7500
479.2980	13.2599	12.5869
479.4504	12.9845	12.5979
479.6028	13.3958	13.1592
479.7552	14.5313	13.3372
479.9076	14.6331	13.4886
480.0600	14.2626	13.8222
480.2124	13.6767	13.3896
480.3648	13.6234	13.1673
480.5172	12.7131	14.4630
480.6696	13.3949	14.8409
480.8220	15.0702	15.2451
480.9744	14.5168	15.2517
481.1268	15.1950	15.2541
481.2792	13.7461	15.2542
481.4316	13.7236	15.2638
481.5840	14.0038	15.2589
481.7364	15.5350	14.3224
481.8888	15.0030	14.9219
482.0412	15.1035	14.9465
482.1936	15.1072	14.9646
482.3460	15.7544	15.2426
482.4984	13.7617	14.8329
482.6508	13.7805	14.2795
482.8032	15.3243	15.2500
482.9556	15.5049	15.2640
483.1080	15.5154	15.2517
483.2604	15.5404	15.2639
483.4128	15.6088	15.2566
483.5652	15.7491	15.2586
483.7176	12.9375	13.2538
483.8700	12.7337	12.8546
484.0224	13.9044	13.4678
484.1748	14.2637	13.4472
484.3272	14.4998	13.4524
484.4796	14.5923	13.5312
484.6320	14.6823	13.5315
484.7844	15.6032	14.8537
484.9368	15.7745	14.6594
485.0892	15.7901	15.2041
485.2416	15.1406	15.2602
485.3940	14.7126	15.2004
485.5464	15.0220	15.2243
485.6988	15.7204	15.2552
485.8512	15.7542	14.5900
486.0036	15.7189	14.8125
486.1560	15.7842	15.2628
486.3084	15.7902	15.2677
486.4608	15.7655	15.2666
486.6132	15.6622	15.2714
486.7656	15.5285	15.1339
486.9180	15.4420	13.8969
487.0704	15.3945	14.2586
487.2228	15.6509	14.4573
487.3752	15.7076	14.8317
487.5276	15.6978	14.8691
487.6800	15.6805	14.8254
487.8324	15.6129	13.5985
487.9848	15.3090	14.6609
488.1372	14.7107	13.4644
488.2896	15.4619	13.4351
488.4420	15.7752	13.5068
488.5944	15.7752	13.7059
488.7468	15.7752	13.7473
488.8992	15.7752	14.4968
489.0516	15.7776	15.2608
489.2040	13.3048	11.8031
489.3564	12.3932	12.1992
489.5088	12.3761	12.1816
489.6612	12.3623	12.0974
489.8136	12.3681	12.1108
489.9660	12.4313	12.1948
490.1184	13.2884	11.7089
490.2708	12.2933	11.3152
490.4232	12.3451	11.3285
490.5756	12.3335	11.3837
490.7280	12.3289	11.4472
490.8804	12.3444	11.6190
491.0328	14.3076	12.7501
491.1852	15.2212	12.3227
491.3376	15.5362	12.2080
491.4900	15.5819	12.1196
491.6424	15.6638	12.0664
491.7948	15.7377	12.1865
491.9472	15.7745	13.9667
492.0996	15.7827	13.8660
492.2520	15.7783	13.3720
492.4044	15.7780	14.4154
492.5568	14.9064	12.2701
492.7092	15.5499	12.6631
492.8616	15.5098	11.2100
493.0140	14.9721	11.1327
493.1664	14.9782	11.1462
493.3188	15.2582	11.9732
493.4712	14.3968	13.2875
493.6236	14.1396	12.5072
493.7760	13.8526	13.7059
493.9284	13.7866	13.5353
494.0808	13.7926	13.5067
494.2332	13.7839	13.4649
494.3856	13.5296	13.1521
494.5380	13.2064	12.3713
494.6904	13.9021	13.2839
494.8428	13.3094	13.7100
494.9952	13.3930	13.7965
495.1476	13.3826	13.7917
495.3000	13.4016	13.7966
495.4524	13.0108	14.3217
495.6048	14.0362	14.9200
495.7572	15.4591	15.2389
495.9096	13.5284	13.6728
496.0620	12.9537	13.3853
496.2144	12.8656	13.2454
496.3668	12.9061	12.9262
496.5192	13.2078	12.4022
496.6716	13.3226	13.5069
496.8240	13.1665	14.0770
496.9764	13.8613	14.6730
497.1288	14.0698	15.2227
497.2812	14.1926	14.3999
497.4336	14.3846	13.8239
497.5860	15.2113	13.8033
497.7384	15.5346	13.6064
497.8908	15.7782	15.2467
498.0432	15.7842	15.2591
498.1956	15.7970	15.2579
498.3480	15.8142	15.2666
498.5004	15.8156	15.2713
498.6528	12.5896	14.6741
498.8052	12.4233	11.6864
498.9576	13.0375	12.5113
499.1100	14.0620	13.3802
499.2624	14.2279	13.4853
499.4148	14.4608	13.4728
499.5672	14.6007	13.4729
499.7196	15.6014	13.9803
499.8720	15.0673	13.7092
500.0244	13.8765	12.9094
500.1768	13.6632	12.6507
500.3292	13.7350	12.7199
500.4816	14.0954	12.8280
500.6340	15.1974	12.6679
500.7864	14.4129	13.0383
500.9388	13.7281	13.3391
501.0912	14.2279	13.0805
501.2436	14.1879	13.2377
501.3960	14.5040	12.5371
501.5484	13.9553	12.1240
501.7008	14.4302	11.8662
501.8532	15.3691	13.3975
502.0056	15.4250	13.4556
502.1580	15.7721	13.5795
502.3104	15.2542	12.2434
502.4628	14.0529	11.9241
502.6152	14.2756	12.9826
502.7676	13.5558	12.7714
502.9200	13.4964	12.2743
503.0724	13.4817	12.2434
503.2248	13.6848	12.5985
503.3772	13.6877	12.6505
503.5296	14.7896	12.8705
503.6820	15.0536	12.8323
503.8344	14.4275	12.6158
503.9868	13.6641	12.8918
504.1392	13.3663	12.2742
504.2916	13.2476	12.4983
504.4440	13.1666	12.7114
504.5964	13.9985	13.7045
504.7488	14.2782	13.1443
504.9012	14.6680	13.3929
505.0536	15.0814	14.2491
505.2060	15.7782	15.2467
505.3584	15.7842	15.2516
505.5108	15.7842	15.2589
505.6632	15.7782	14.3044
505.8156	15.6242	12.8625
505.9680	14.9575	12.7499
506.1204	12.4768	12.8750
506.2728	12.0109	12.6594
506.4252	12.6760	13.5512
506.5776	12.7362	12.6027
506.7300	12.4311	12.6549
506.8824	12.5272	12.9053
507.0348	12.6126	13.3047
507.1872	13.3005	14.2228
507.3396	12.9285	15.2505
507.4920	12.8580	15.2591
507.6444	12.8642	15.2528
507.7968	12.8867	14.4374
507.9492	13.9916	14.0404
508.1016	13.4819	13.7377
508.2540	14.0936	14.1013
508.4064	15.3343	15.0179
508.5588	15.6774	14.2306
508.7112	15.6714	14.5154
508.8636	15.6692	14.4829
509.0160	15.6546	13.3688
509.1684	15.5645	14.4480
509.3208	13.3032	12.7457
509.4732	12.5578	12.2962
509.6256	12.5421	12.3184
509.7780	12.5728	12.3403
509.9304	12.7090	12.1684
510.0828	12.6153	12.6245
510.2352	13.6329	11.9951
510.3876	13.7247	11.7584
510.5400	13.7840	11.8702
510.6924	13.7780	11.8660
510.8448	13.8097	12.6723
510.9972	13.6945	12.2786
511.1496	13.9169	12.4019
511.3020	14.2429	12.2656
511.4544	14.7613	12.8835
511.6068	15.0219	13.2287
511.7592	15.4639	13.8128
511.9116	15.7782	13.3843
512.0640	15.7842	13.3769
512.2164	15.7767	15.2367
512.3688	15.7767	15.2553
512.5212	15.7707	15.1305
512.6736	15.6697	15.2527
512.8260	15.1251	14.9162
512.9784	15.7767	15.2628
513.1308	15.7827	15.2565
513.2832	15.7842	15.2666
513.4356	15.7782	15.2579
513.5880	15.7865	15.2715
513.7404	15.7647	15.2490
513.8928	15.6812	14.0898
514.0452	15.7467	14.3932
514.1976	15.7782	15.1905
514.3500	15.7723	14.9090
514.5024	15.7820	14.3963
514.6548	15.7759	15.2622
514.8072	12.2182	12.6371
514.9596	12.0785	12.1683
515.1120	12.8446	12.3186
515.2644	13.1989	13.2802
515.4168	13.2946	13.2881
515.5692	13.3051	13.3054
515.7216	13.6631	13.2209
515.8740	13.3634	12.6460
516.0264	13.0030	13.0212
516.1788	13.0208	13.0339
516.3312	12.6727	12.8923
516.4836	12.5226	12.9266
516.6360	12.4964	12.9398
516.7884	12.4507	12.9441
516.9408	12.3348	13.0080
517.0932	12.7226	13.0038
517.2456	12.8715	13.2332
517.3980	12.9973	13.2923
517.5504	13.7091	13.1994
517.7028	13.8321	13.1185
517.8552	13.8527	13.4483
518.0076	13.8467	13.3555
518.1600	13.8955	13.3054
518.3124	14.2236	13.0975
518.4648	13.8091	13.0882
518.6172	14.3240	13.1529
518.7696	14.9001	13.7959
518.9220	14.6840	14.2529
519.0744	13.8184	14.1904
519.2268	13.8612	14.0249
519.3792	13.7392	13.5518
519.5316	13.5329	13.0509
519.6840	13.6053	12.6418
519.8364	13.8911	12.6291
519.9888	13.6008	13.0550
520.1412	13.3942	13.1862
520.2936	13.2962	13.1106
520.4460	13.2946	12.9009
520.5984	13.3447	12.7763
520.7508	13.6573	12.8235
520.9032	13.8602	12.9303
521.0556	13.3898	12.8791
521.2080	13.4353	12.9695
521.3604	13.6458	12.8882
521.5128	13.1811	12.4895
521.6652	12.9851	12.5113
521.8176	12.7800	12.3270
521.9700	12.6014	12.1816
522.1224	12.6196	12.2347
522.2748	12.7276	12.3664
522.4272	12.8116	12.6503
522.5796	12.8774	12.6464
522.7320	12.9299	12.8148
522.8844	13.0953	12.7502
523.0368	13.1042	13.0591
523.1892	13.1353	12.7544
523.3416	13.1190	12.5854
523.4940	13.1885	12.4411
523.6464	13.0225	12.0752
523.7988	13.2388	11.7805
523.9512	13.3314	11.7537
524.1036	13.1560	12.1239
524.2560	13.1456	11.6597
524.4084	13.1411	11.7940
524.5608	12.7637	11.7093
524.7132	12.4652	11.7181
524.8656	12.3907	11.5472
525.0180	12.3347	11.5239
525.1704	12.3406	11.5373
525.3228	12.7376	11.7895
525.4752	12.7814	11.6098
525.6276	12.7633	11.6368
525.7800	12.7511	11.6862
525.9324	12.7031	11.7718
526.0848	12.6714	11.6774
526.2372	12.5513	11.4739
526.3896	12.6410	11.5872
526.5420	12.6241	11.6547
526.6944	12.6319	11.7538
526.8468	12.6335	11.8166
526.9992	13.7666	12.3581
527.1516	13.0194	12.7501
527.3040	13.0299	12.7547
527.4564	13.2991	12.6634
527.6088	13.6932	12.4325
527.7612	12.5271	11.8747
527.9136	12.5101	11.8702
528.0660	12.4619	12.2125
528.2184	12.4002	12.2347
528.3708	12.2610	12.3754
528.5232	12.2946	12.2435
528.6756	12.7104	12.2700
528.8280	12.8054	12.5899
528.9804	12.9197	12.7412
529.1328	13.6356	12.6592
529.2852	13.6025	12.8539
529.4376	13.4304	12.6845
529.5900	13.2520	12.6940
529.7424	12.9850	12.3051
529.8948	12.3243	11.9463
530.0472	12.2736	12.2963
530.1996	12.2979	12.4105
530.3520	12.2921	12.2786
530.5044	12.2991	12.2964
530.6568	12.2979	12.2611
530.8092	12.2644	12.2655
530.9616	12.2287	12.4282
531.1140	12.2114	12.8021
531.2664	12.1721	12.5851
531.4188	12.1836	12.6376
531.5712	12.1698	12.5237
531.7236	12.1651	12.2258
531.8760	12.1836	12.1329
532.0284	12.2137	12.2125
532.1808	12.2091	12.1904
532.3332	12.2114	12.2038
532.4856	12.1861	12.3797
532.6380	12.8041	12.3798
532.7904	13.5503	12.4942
532.9428	13.3914	13.8904
533.0952	13.6037	15.1640
533.2476	14.2088	13.9763
533.4000	14.4403	13.8736
533.5524	15.3840	13.5104
533.7048	13.4892	13.4358
533.8572	12.9479	13.7629
534.0096	13.2196	13.4100
534.1620	13.3843	13.2378
534.3144	14.0516	12.6587
534.4668	13.6935	12.3713
534.6192	13.8682	12.7459
534.7716	14.2884	13.4734
534.9240	14.6312	13.7787
535.0764	14.5695	13.6107
535.2288	13.9258	13.3884
535.3812	12.9911	12.7928
535.5336	12.5383	12.0131
535.6860	12.6137	11.9952
535.8384	12.6364	11.9907
535.9908	12.6319	11.9908
536.1432	12.6104	12.0041
536.2956	12.4633	12.0487
536.4480	12.9598	12.6330
536.6004	12.8053	12.9399
536.7528	12.6877	13.1022
536.9052	12.7149	13.1021
537.0576	12.6882	12.8573
537.2100	12.6533	12.7241
537.3624	12.6289	13.4648
537.5148	13.4457	12.7937
537.6672	14.1710	13.1745
537.8196	14.2739	13.6930
537.9720	14.2781	13.9349
538.1244	14.3466	13.9517
538.2768	14.1735	13.2534
538.4292	12.7315	12.8751
538.5816	12.4803	13.0504
538.7340	12.7755	13.7293
538.8864	12.6682	13.6432
539.0388	12.5727	13.0591
539.1912	12.3335	12.5285
539.3436	12.2368	12.5415
539.4960	12.3689	12.5630
539.6484	12.0434	12.0353
539.8008	12.1605	12.4064
539.9532	12.1733	13.0590
540.1056	12.6915	12.3576
540.2580	12.8792	12.2698
540.4104	13.1310	12.2831
540.5628	13.7610	12.2478
540.7152	14.4953	11.9151
540.8676	12.8956	12.8185
541.0200	12.5180	12.3052
541.1724	12.5239	12.4676
541.3248	12.5877	12.3580
541.4772	12.6001	12.3930
541.6296	12.6546	12.3886
541.7820	12.7330	12.2700
541.9344	12.7466	12.3052
542.0868	12.6092	12.2698
542.2392	12.5942	12.1285
542.3916	12.6650	12.2523
542.5440	12.6741	12.1816
542.6964	12.7511	12.2258
542.8488	12.6909	12.2037
543.0012	12.7149	12.2082
543.1536	12.6715	12.2434
543.3060	12.8999	12.3008
543.4584	12.8369	12.3759
543.6108	12.6863	13.5729
543.7632	12.6273	13.8819
543.9156	12.5610	14.1396
544.0680	12.4827	13.4439
544.2204	12.3485	12.9182
544.3728	12.3577	13.5517
544.5252	12.6378	12.1019
544.6776	12.6682	12.2389
544.8300	12.6502	11.9150
544.9824	13.1546	11.9687
545.1348	13.1843	13.0334
545.2872	13.8917	12.2522
545.4396	12.6501	12.2346
545.5920	12.7511	12.2788
545.7444	12.6456	12.5461
545.8968	12.7724	12.5375
546.0492	12.7755	13.0929
546.2016	12.7421	13.2040
546.3540	12.9300	12.8534
546.5064	13.3797	11.9907
546.6588	13.0505	12.0441
546.8112	12.4311	12.0352
546.9636	12.4415	11.9595
547.1160	12.4357	12.0886
547.2684	12.3816	12.1638
547.4208	12.4632	12.1196
547.5732	12.6968	12.2479
547.7256	12.6514	12.2479
547.8780	12.6877	12.2700
548.0304	12.6592	12.3315
548.1828	12.7935	12.2875
548.3352	12.7439	12.3714
548.4876	12.8502	14.0087
548.6400	12.0725	13.5959
548.7924	12.0701	13.6054
548.9448	12.2253	13.8047
549.0972	12.3889	13.7294
549.2496	13.8090	13.4882
549.4020	14.1902	12.7024
549.5544	14.3216	12.2699
549.7068	14.2341	12.0175
549.8592	12.9850	11.9328
550.0116	12.6364	12.1863
550.1640	12.5239	13.2380
550.3164	12.5727	13.6722
550.4688	12.5787	13.6814
550.6212	12.8341	14.6819
550.7736	12.8099	12.0709
550.9260	13.0834	12.4457
551.0784	13.3547	12.3929
551.2308	13.3403	12.4501
551.3832	13.5426	12.5067
551.5356	13.0508	12.6895
551.6880	13.2049	12.6287
551.8404	14.0062	13.3518
551.9928	13.9881	13.4635
552.1452	13.9807	13.9314
552.2976	13.9766	13.4608
552.4500	14.6863	13.4479
552.6024	15.1110	14.3374
552.7548	15.1918	13.9192
552.9072	15.0260	13.8088
553.0596	15.1346	13.9021
553.2120	15.0057	13.2878
553.3644	14.2002	13.8988
553.5168	13.5067	13.6480
553.6692	13.4017	13.4900
553.8216	13.3754	13.3307
553.9740	13.4061	13.2040
554.1264	13.3536	13.1234
554.2788	14.0572	12.8370
554.4312	14.6780	14.2496
554.5836	14.5861	14.0736
554.7360	14.6210	14.2937
554.8884	14.7974	14.5418
555.0408	13.8655	14.0330
555.1932	13.9508	13.5274
555.3456	13.5965	12.8880
555.4980	13.5502	12.7592
555.6504	13.1398	13.5602
555.8028	13.2931	13.3634
555.9552	13.3343	13.3596
556.1076	13.4324	13.2759
556.2600	13.2504	13.2585
556.4124	13.3034	13.0677
556.5648	13.1545	13.2803
556.7172	13.1397	13.9796
556.8696	13.1397	13.9796
557.0220	13.1442	13.8817
557.1744	13.4222	13.3344
557.3268	13.5852	12.6512
557.4792	13.9679	14.8432
557.6316	14.0485	14.7466
557.7840	13.5198	14.3421
557.9364	13.3142	13.7636
558.0888	14.9263	13.8047
558.2412	15.0340	13.7225
558.3936	15.6692	14.2966
558.5460	15.7827	13.4942
558.6984	15.7902	13.5941
558.8508	15.7840	13.7134
559.0032	14.7020	13.2923
559.1556	12.7001	13.4226
559.3080	13.1813	13.7763
559.4604	13.8321	15.0965
559.6128	14.0196	15.0965
559.7652	14.2255	15.2714
559.9176	14.1715	15.0433
560.0700	13.9976	14.2782
560.2224	13.4542	13.0508
560.3748	12.8687	12.2654
560.5272	12.6650	12.4020
560.6796	12.6954	12.9181
560.8320	12.7239	13.0852
560.9844	12.6747	13.2070
561.1368	12.9479	13.4016
561.2892	13.1515	13.1438
561.4416	13.1427	13.0801
561.5940	13.1989	13.0082
561.7464	13.1929	12.6506
561.8988	13.1175	13.2630
562.0512	13.1900	14.3064
562.2036	13.2018	14.2976
562.3560	13.1811	14.2479
562.5084	13.0982	13.5969
562.6608	13.0150	12.9010
562.8132	12.9852	13.2295
562.9656	13.1902	13.2294
563.1180	13.7220	13.0377
563.2704	13.6572	12.2920
563.4228	13.6572	12.5417
563.5752	13.6632	12.5681
563.7276	13.6702	12.6592
563.8800	13.5878	12.8063
564.0324	13.5851	12.8497
564.1848	13.3915	13.0383
564.3372	13.8698	14.7545
564.4896	13.8937	14.9380
564.6420	13.8834	14.9827
564.7944	13.8981	14.9877
564.9468	14.2403	15.2066
565.0992	13.8826	14.6181
565.2516	13.7409	13.8537
565.4040	13.7393	12.9180
565.5564	13.7290	12.8102
565.7088	13.7376	12.5676
565.8612	13.7496	12.4019
566.0136	13.7393	12.5593
566.1660	13.7273	13.1349
566.3184	13.7083	12.6195
566.4708	13.5808	12.9613
566.6232	13.5792	13.0122
566.7756	13.5732	13.0076
566.9280	13.5733	12.9991
567.0804	13.9081	13.0894
567.2328	13.3755	12.8969
567.3852	13.5792	12.8495
567.5376	13.8269	13.4817
567.6900	13.8106	13.4973
567.8424	13.7926	13.5650
567.9948	13.8012	13.3563
568.1472	14.0560	14.8207
568.2996	14.4958	13.9750
568.4520	13.8595	14.3933
568.6044	13.7866	15.2666
568.7568	13.7926	15.2715
568.9092	13.7863	15.2666
569.0616	12.7756	15.2609
569.2140	13.1004	12.2832
569.3664	15.7693	12.8113
569.5188	15.7723	15.2493
569.6712	15.7842	15.2628
569.8236	15.7917	15.2666
569.9760	15.7977	15.2715
570.1284	15.7902	15.2638
570.2808	15.7562	14.6609
570.4332	14.5984	13.5730
570.5856	14.8159	12.3361
570.7380	15.1211	12.8626
570.8904	15.3945	13.1022
571.0428	15.3961	13.1443
571.1952	14.9001	13.1740
571.3476	14.6189	13.0845
571.5000	14.4484	13.6351
571.6524	14.6718	13.9438
571.8048	14.4006	14.0817
571.9572	14.4029	14.1936
572.1096	14.3719	14.0153
572.2620	14.2781	13.6887
572.4144	14.3134	13.6190
572.5668	14.6209	13.7258
572.7192	14.6496	13.5394
572.8716	14.9140	13.4304
573.0240	14.3968	13.1778
573.1764	14.3177	13.1608
573.3288	13.4630	13.1869
573.4812	13.3003	12.1329
573.6336	12.0573	12.1550
573.7860	12.1790	12.0354
573.9384	12.2415	12.8791
574.0908	12.6608	13.0681
574.2432	13.8826	13.0593
574.3956	13.9977	11.9951
574.5480	14.0192	11.9596
574.7004	15.0935	12.3410
574.8528	15.6329	14.6911
575.0052	13.0877	14.0168
575.1576	12.7031	13.5389
575.3100	12.6864	13.6101
575.4624	12.7149	13.6149
575.6148	12.7647	13.6439
575.7672	12.8086	13.6432
575.9196	13.1721	13.4106
576.0720	12.5365	13.6060
576.2244	13.7108	13.6149
576.3768	13.9882	13.6007
576.5292	14.0893	13.6103
576.6816	14.7974	14.4161
576.8340	14.1416	15.2341
576.9864	14.3554	15.2467
577.1388	14.7447	15.2640
577.2912	13.7650	15.2516
577.4436	13.4788	15.2514
577.5960	12.7633	14.4639
577.7484	12.6698	12.7029
577.9008	13.5159	13.3099
578.0532	15.2232	14.1017
578.2056	15.2407	13.3807
578.3580	15.2602	13.4017
578.5104	15.2703	13.4524
578.6628	15.7654	13.3177
578.8152	15.4286	13.7337
578.9676	14.7509	13.6763
579.1200	13.7634	13.3171
579.2724	13.9726	13.2790
579.4248	12.8098	12.5505
579.5772	12.7814	11.9773
579.7296	12.8191	11.8030
579.8820	13.6527	12.1243
580.0344	12.9733	13.1608
580.1868	13.2401	13.0033
580.3392	13.2769	12.9095
580.4916	12.9851	13.1277
580.6440	12.9195	13.0929
580.7964	12.9210	13.0464
580.9488	13.0774	13.0078
581.1012	12.7947	12.4804
581.2536	12.0165	11.8880
581.4060	11.8858	11.7267
581.5584	11.8520	11.8837
581.7108	11.8625	11.9239
581.8632	12.2564	12.3886
582.0156	12.3037	12.2611
582.1680	12.3485	12.2875
582.3204	12.3485	12.3976
582.4728	12.3473	13.0928
582.6252	12.2736	12.9990
582.7776	12.2794	12.8965
582.9300	12.0701	12.6505
583.0824	11.9606	13.7226
583.2348	11.9035	14.5387
583.3872	11.9956	13.4845
583.5396	11.7301	12.5198
583.6920	11.7546	12.0752
583.8444	11.8276	11.9331
583.9968	11.9248	12.8097
584.1492	12.4906	12.0308
584.3016	12.1836	11.9996
584.4540	12.2437	11.8702
584.6064	12.3025	11.8659
584.7588	12.2898	12.1510
584.9112	12.1813	13.7662
585.0636	12.1918	12.9095
585.2160	12.3405	12.8281
585.3684	12.3243	12.8361
585.5208	12.3196	12.8189
585.6732	12.0015	12.9139
585.8256	12.3843	13.4807
585.9780	13.4280	13.8211
586.1304	13.2079	13.6934
586.2828	13.8142	13.1362
586.4352	14.4649	13.2966
586.5876	14.6224	13.6150
586.7400	12.7438	14.1207
586.8924	12.4405	15.2251
587.0448	13.2460	13.8979
587.1972	12.5545	12.4762
587.3496	12.5454	12.2963
587.5020	12.5467	12.2655
587.6544	12.5363	12.2787
587.8068	12.4710	12.3006
587.9592	12.4449	12.2699
588.1116	12.4357	12.2478
588.2640	12.4265	12.2169
588.4164	12.3852	12.2125
588.5688	12.3957	12.1993
588.7212	12.4070	12.1992
588.8736	12.4186	12.1905
589.0260	12.3209	12.3007
589.1784	12.3773	12.2214
589.3308	12.6137	12.2214
589.4832	12.7090	12.3007
589.6356	12.6091	12.2963
589.7880	12.5076	12.3138
589.9404	12.5610	12.3401
590.0928	12.4598	12.3008
590.2452	12.4723	12.3359
590.3976	12.4632	12.2434
590.5500	12.4494	12.3403
590.7024	12.3932	12.2345
590.8548	12.4048	12.2435
591.0072	12.3669	12.1992
591.1596	12.3840	12.0930
591.3120	12.3657	12.0797
591.4644	12.4598	12.1241
591.6168	12.4848	12.2213
591.7692	12.5604	12.2611
591.9216	12.5604	12.2611
592.0740	12.5877	12.2435
592.2264	12.6195	12.1196
592.3788	12.4860	12.1594
592.5312	12.4906	12.1992
592.6836	12.4540	12.0531
592.8360	12.5304	12.2434
592.9884	12.4023	12.2213
593.1408	12.3497	12.1727
593.2932	12.2460	12.0930
593.4456	12.1547	12.0752
593.5980	12.2840	11.9149
593.7504	12.1963	11.8524
593.9028	12.1859	11.9819
594.0552	12.1906	11.9685
594.2076	12.1582	11.8078
594.3600	12.2426	11.9952
594.5124	12.4561	11.9151
594.6648	12.5122	11.9685
594.8172	12.5180	11.9729
594.9696	12.5122	11.9685
595.1220	12.5122	11.9997
595.2744	12.6160	12.1374
595.4268	13.9856	12.5632
595.5792	13.5095	13.2628
595.7316	13.5212	13.2030
595.8840	14.5695	12.2523
596.0364	14.0701	12.3928
596.1888	13.0299	12.1815
596.3412	12.7406	12.0974
596.4936	12.2828	11.9685
596.6460	11.9304	11.7988
596.7984	11.9222	11.8659
596.9508	12.1929	12.0485
597.1032	12.2841	11.9729
597.2556	12.4128	11.9729
597.4080	12.4802	11.9863
597.5604	12.2622	11.9104
597.7128	12.2806	11.9640
597.8652	12.2576	11.9908
598.0176	12.3313	12.2126
598.1700	12.3037	12.3096
598.3224	12.3485	12.2391
598.4748	12.1859	12.4147
598.6272	12.1269	12.1465
598.7796	12.0307	13.3307
598.9320	12.9479	13.3216
599.0844	13.2255	12.2567
599.2368	13.3546	12.0664
599.3892	13.0253	12.2257
599.5416	12.8849	11.6188
599.6940	12.5877	11.6817
599.8464	12.6818	11.7986
599.9988	12.4048	11.7626
600.1512	12.3013	11.7942
600.3036	12.3071	11.7582
600.4560	12.4265	11.7492
600.6084	12.1883	11.5689
600.7608	12.3072	11.4561
600.9132	12.7755	11.9017
601.0656	12.7574	12.0708
601.2180	12.6696	12.1019
601.3704	12.6759	12.1727
601.5228	12.5487	12.2698
601.6752	12.6308	12.3139
601.8276	13.4058	12.6932
601.9800	13.7918	12.2168
602.1324	13.8509	12.1860
602.2848	13.7891	12.2742
602.4372	13.4701	12.1417
602.5896	12.9987	11.6907
602.7420	13.5618	11.8077
602.8944	13.5775	12.2169
603.0468	13.6573	12.2567
603.1992	13.8146	12.3050
603.3516	12.5714	12.2345
603.5040	12.2275	11.9731
603.6564	12.1825	12.3579
603.8088	12.2979	12.6418
603.9612	12.4208	12.8403
604.1136	12.7421	12.5461
604.2660	12.7692	11.9818
604.4184	12.8132	11.9418
604.5708	13.9450	12.4674
604.7232	14.4732	12.1549
604.8756	14.5922	11.8837
605.0280	14.2618	11.8525
605.1804	13.9979	11.7267
605.3328	14.9000	11.8569
605.4852	14.0499	12.2169
605.6376	14.0619	12.6459
605.7900	14.0541	12.6410
605.9424	13.8234	11.8524
606.0948	13.3765	11.6866
606.2472	12.7695	12.2434
606.3996	12.3815	12.6975
606.5520	12.3439	13.0550
606.7044	12.6550	13.6060
606.8568	13.8689	13.5965
607.0092	14.0245	13.6042
607.1616	14.0365	13.4473
607.3140	13.7155	13.9821
607.4664	12.5011	12.0175
607.6188	13.0510	12.4890
607.7712	14.2302	13.0929
607.9236	14.2655	13.1018
608.0760	14.2577	13.0878
608.2284	14.3008	11.4972
608.3808	12.6513	12.4104
608.5332	12.4665	11.1426
608.6856	12.7557	12.7936
608.8380	12.8177	12.9480
608.9904	13.7637	12.7065
609.1428	15.1834	12.4935
609.2952	15.0909	13.4758
609.4476	14.4026	13.3472
609.6000	13.2858	13.9998
609.7524	13.0417	13.4435
609.9048	12.7950	13.7384
610.0572	13.1221	14.2616
610.2096	13.6453	13.9657
610.3620	13.9005	12.9733
610.5144	13.8978	12.5417
610.6668	13.3490	12.4194
610.8192	13.3827	12.0752
610.9716	13.7359	11.9641
611.1240	13.7453	11.9909
611.2764	13.7478	12.6245
611.4288	13.4396	12.6722
611.5812	13.3255	12.5374
611.7336	13.2915	12.7280
611.8860	13.3401	12.6551
612.0384	12.9420	12.7110
612.1908	13.2180	12.8532
612.3432	12.8850	12.4106
612.4956	12.9313	12.4719
612.6480	12.7904	11.9818
612.8004	12.8864	11.9952
612.9528	12.7724	12.2875
613.1052	12.7814	12.3535
613.2576	12.7090	12.4281
613.4100	12.7331	12.5505
613.5624	12.9985	12.2613
613.7148	13.0420	12.8105
613.8672	14.2361	12.7458
614.0196	13.7866	12.9181
614.1720	13.7686	12.9299
614.3244	13.6311	12.7976
614.4768	13.1293	12.8102
614.6292	13.0507	12.6982
614.7816	13.1279	12.8538
614.9340	13.1056	12.5941
615.0864	13.1397	12.4063
615.2388	13.1737	12.7499
615.3912	13.1885	12.8235
615.5436	13.0760	12.8189
615.6960	13.0075	12.9355
615.8484	13.0640	12.7458
616.0008	12.9970	12.7242
616.1532	12.8927	12.7499
616.3056	13.0461	12.7802
616.4580	12.7755	12.5807
616.6104	12.7272	12.5765
616.7628	12.8764	12.3976
616.9152	13.6025	12.8238
617.0676	13.5732	12.8189
617.2200	13.5851	12.8281
617.3724	13.4917	12.8104
617.5248	12.7286	12.4939
617.6772	12.9314	12.5462
617.8296	12.9837	12.5330
617.9820	12.9433	12.5462
618.1344	12.8504	12.8237
618.2868	12.7963	12.7244
618.4392	12.8116	12.6371
618.5916	12.8924	12.3405
618.7440	12.4877	12.9654
618.8964	13.3756	12.7071
619.0488	13.7419	12.7456
619.2012	13.7880	12.9743
619.3536	13.2254	13.2758
619.5060	13.0372	12.9049
619.6584	12.8459	12.3582
619.8108	12.7335	12.6975
619.9632	12.7827	12.2655
620.1156	12.7470	12.1904
620.2680	12.7484	12.3139
620.4204	12.7213	12.4192
620.5728	12.7828	12.4632
620.7252	12.8026	12.3929
620.8776	12.8099	12.4502
621.0300	12.8715	12.6462
621.1824	12.7755	12.7064
621.3348	12.7031	12.3840
621.4872	12.7574	12.2211
621.6396	12.7452	11.8385
621.7920	12.7349	10.9957
621.9444	12.8400	11.0876
622.0968	12.8986	12.7285
622.2492	13.1116	12.7456
622.4016	13.1545	12.8022
622.5540	13.0208	12.7589
622.7064	12.7593	12.5980
622.8588	13.6583	11.9108
623.0112	13.9328	12.1683
623.1636	13.8226	12.2347
623.3160	13.7746	12.2301
623.4684	13.7685	12.2168
623.6208	13.6419	12.2481
623.7732	14.4131	12.6548
623.9256	14.4861	12.1241
624.0780	15.0358	12.3755
624.2304	15.0437	12.4062
624.3828	15.3669	12.8964
624.5352	15.3671	13.1406
624.6876	15.5783	15.2467
624.8400	15.7842	15.2591
624.9924	15.7713	15.2552
625.1448	13.7838	12.0483
625.2972	13.4158	11.5831
625.4496	12.7493	12.0354
625.6020	11.9932	12.3317
625.7544	12.0422	12.5284
625.9068	11.9921	12.3446
626.0592	11.9550	12.0043
626.2116	12.2662	12.3757
626.3640	13.5401	12.9906
626.5164	13.6917	12.3974
626.6688	13.5949	12.4805
626.8212	13.5427	12.6155
626.9736	13.4615	12.5981
627.1260	13.5340	12.2128
627.2784	13.4761	12.7589
627.4308	13.3474	12.5373
627.5832	13.2637	12.4017
627.7356	13.2843	12.3183
627.8880	13.4167	12.3974
628.0404	14.4603	12.6156
628.1928	13.5267	12.3536
628.3452	13.1931	12.5896
628.4976	13.4046	12.5461
628.6500	13.4105	12.5505
628.8024	13.2991	12.4149
628.9548	13.3490	12.3145
629.1072	13.3565	13.3554
629.2596	13.9432	13.2749
629.4120	14.0720	12.9779
629.5644	13.6658	12.7285
629.7168	13.4702	12.7975
629.8692	13.3886	12.6593
630.0216	13.4093	12.5634
630.1740	14.2278	12.4060
630.3264	14.0340	12.1330
630.4788	13.7634	12.4804
630.6312	13.7006	12.3843
630.7836	14.1103	12.5463
630.9360	14.2674	13.0248
631.0884	13.3115	13.3299
631.2408	11.7008	12.6980
631.3932	11.5901	12.7158
631.5456	12.4348	12.9003
631.6980	13.2373	12.2565
631.8504	13.3474	11.9685
632.0028	13.3252	12.0886
632.1552	12.8399	12.1019
632.3076	12.7643	12.2663
632.4600	14.7548	13.9638
632.6124	13.9365	14.7700
632.7648	12.6500	13.2712
632.9172	12.5693	13.0848
633.0696	12.2001	12.4628
633.2220	12.7261	12.1333
633.3744	13.3676	12.8585
633.5268	12.8444	14.6291
633.6792	12.6304	14.6202
633.8316	12.2287	14.4917
633.9840	12.3244	14.2245
634.1364	12.6050	13.3927
634.2888	13.4044	12.2567
634.4412	13.0716	12.3934
634.5936	13.3064	13.4887
634.7460	13.5385	13.0374
634.8984	13.8218	12.9267
635.0508	15.5961	13.0459
635.2032	13.4903	12.8446
635.3556	13.3371	12.6112
635.5080	13.3254	12.6417
635.6604	13.2989	12.4587
635.8128	12.9732	12.4981
635.9652	12.8774	12.8968
636.1176	12.7754	12.7065
636.2700	12.8670	12.2566
636.4224	12.8611	12.2035
636.5748	12.8921	11.8075
636.7272	11.8652	11.5105
636.8796	12.2724	11.3161
637.0320	11.9948	11.8213
637.1844	12.3163	11.9774
637.3368	12.3381	12.0974
637.4892	12.4107	12.0308
637.6416	13.1596	12.0087
637.7940	14.3825	12.1416
637.9464	14.5289	12.0528
638.0988	14.6271	11.4885
638.2512	14.6005	12.5937
638.4036	14.6986	12.1108
638.5560	14.9525	12.2302
638.7084	15.6711	12.3183
638.8608	15.1837	12.2787
639.0132	15.2287	12.4103
639.1656	15.4138	12.4063
639.3180	15.4611	12.4147
639.4704	15.3486	12.4932
639.6228	12.9819	11.5607
639.7752	12.3450	12.4018
639.9276	12.6001	13.1909
640.0800	12.6351	13.0929
640.2324	12.5968	13.1574
640.3848	12.5839	13.1231
640.5372	12.7362	15.0217
640.6896	12.7385	14.4888
640.8420	14.7915	14.6077
640.9944	14.6677	14.9925
641.1468	14.5799	14.8918
641.2992	14.3508	14.3497
641.4516	14.3185	13.3209
641.6040	14.6862	14.4953
641.7564	14.7894	13.4722
641.9088	14.5327	13.3770
642.0612	14.5578	13.4920
642.2136	14.5576	13.5016
642.3660	14.5751	13.7416
642.5184	12.9198	12.1949
642.6708	13.5272	12.4243
642.8232	14.0034	13.6042
642.9756	14.0499	13.6784
643.1280	14.0365	13.2708
643.2804	13.9527	13.2318
643.4328	14.6397	12.9906
643.5852	15.3245	13.0556
643.7376	15.7692	15.2288
643.8900	15.6335	14.3855
644.0424	15.6487	15.1241
644.1948	15.7558	15.2467
644.3472	15.7820	15.2318
644.4996	15.7757	15.2493
644.6520	15.0687	15.2615
644.8044	13.7938	14.9407
644.9568	14.4300	14.8601
645.1092	14.4815	14.3767
645.2616	14.6628	13.3724
645.4140	12.8985	12.6505
645.5664	12.7874	12.5853
645.7188	13.0268	12.2877
645.8712	12.8674	12.7545
646.0236	13.5575	12.8580
646.1760	13.8149	13.1440
646.3284	13.7866	13.5354
646.4808	13.8012	13.6439
646.6332	13.7863	13.6391
646.7856	13.2341	13.4697
646.9380	12.8297	14.6865
647.0904	13.0686	14.3772
647.2428	13.1841	14.4287
647.3952	13.1723	14.4470
647.5476	13.2369	15.2137
647.7000	13.0103	13.6609
647.8524	13.6735	13.4970
648.0048	14.7832	12.9444
648.1572	14.3304	14.2170
648.3096	14.2510	14.5124
648.4620	15.0020	14.5930
648.6144	15.0393	14.8246
648.7668	14.3859	14.4914
648.9192	13.5075	13.6710
649.0716	12.7058	12.4196
649.2240	12.6896	12.8276
649.3764	12.7136	13.1062
649.5288	12.7588	13.5356
649.6812	12.7031	14.1286
649.8336	12.6669	14.1844
649.9860	12.7030	13.2966
650.1384	12.3663	14.3915
650.2908	13.6315	13.0420
650.4432	14.0748	12.6372
650.5956	14.3554	12.5415
650.7480	14.4650	12.5461
650.9004	14.6190	12.5415
651.0528	14.5532	12.3223
651.2052	14.0386	11.8836
651.3576	14.6110	11.8170
651.5100	14.9583	12.5421
651.6624	15.3127	13.7705
651.8148	15.5225	13.7244
651.9672	15.5651	13.3050
652.1196	15.5514	13.3221
652.2720	15.5169	14.7870
652.4244	15.2268	14.4435
652.5768	15.1623	14.2419
652.7292	15.1642	14.5689
652.8816	15.3247	13.3597
653.0340	15.3510	12.4107
653.1864	14.4908	13.0159
653.3388	12.4070	12.4892
653.4912	12.4985	12.5721
653.6436	12.5578	12.6460
653.7960	12.6533	12.7369
653.9484	12.6441	12.7023
654.1008	12.5003	12.7976
654.2532	13.7330	12.8746
654.4056	13.2164	12.4658
654.5580	13.0825	12.4151
654.7104	14.2632	12.6986
654.8628	13.1940	13.9984
655.0152	12.3712	13.9467
655.1676	11.8614	13.2332
655.3200	11.8727	13.0822
655.4724	13.4044	13.9436
655.6248	13.0105	15.1015
655.7772	12.9406	15.2568
655.9296	13.2154	15.2624
656.0820	14.8099	15.2654
656.2344	15.1188	15.2662
656.3868	14.7163	14.4493
656.5392	14.1884	14.3528
656.6916	14.2759	14.9516
656.8440	13.6701	13.6762
656.9964	13.5647	13.3592
657.1488	13.9138	13.4729
657.3012	15.0061	14.8909
657.4536	15.2683	14.6953
657.6060	14.9341	14.2645
657.7584	14.7504	13.4998
657.9108	14.6975	13.6713
658.0632	14.1605	13.0812
658.2156	14.5192	12.3810
658.3680	14.1032	12.1984
658.5204	13.8920	12.7206
658.6728	13.6019	12.8072
658.8252	11.8521	11.3216
658.9776	9.7312	9.3006
659.1300	9.1438	9.0251
659.2824	6.6006	7.6953
659.4348	6.4777	7.5527
659.5872	6.0607	7.2761
659.7396	5.9960	7.0707
659.8920	5.9911	6.8902
660.0444	5.1491	5.9877
660.1968	4.7592	5.3854
660.3492	4.6270	5.1373
660.5016	4.2919	4.9120
660.6540	4.1648	4.7699
660.8064	3.9494	4.3465
660.9588	3.8806	4.2504
661.1112	3.5338	3.3905
661.2636	3.5327	3.3763
661.4160	3.5083	3.3704
661.5684	3.4984	3.3679
661.7208	3.4948	3.3657
661.8732	3.4922	3.3620
662.0256	3.4949	3.3651
662.1780	3.4935	3.3671
662.3304	3.4953	3.3675
662.4828	3.4942	3.3699
662.6352	3.4942	3.3699