OCEAN DRILLING PROGRAM		
Hole: 995B		
Leg: 164		
Shear Sonic Tool		
Operator: Borehole Research Group (Lamont Doherty Earth 		
Date: 11/2/1995		

"Note: for further information about the tool and the data processing performed, refer to the paper: Guerin et al., "Characterization of in situ elastic properties of gas hydrate-bearing sediments on the Blake Ridge, J. Geophys. Res., 104(8), 17,781-17,795, 1999".		

DEPTH	VP	VS
mbsf	m/s	m/s
655.09	1731.63	451.46
654.94	1763.38	455.91
654.79	1768.84	459.33
654.64	1776.21	552.12
654.49	1730.24	645.03
654.34	1721.17	734.04
654.19	1749.92	821.39
654.04	1778.01	790.45
653.89	1803.3	668.37
653.74	1818.03	568.99
653.61	1802.15	508.87
653.49	1756.32	449
653.37	1717.47	509.72
653.25	1717.47	571.57
653.13	1679.5	610.98
652.99	1683.64	610.86
652.84	1691.94	610.73
652.69	1736.66	610.73
652.54	1784.41	610.49
652.39	1839.46	601.75
652.24	1861.75	633.28
652.09	1884.32	648.92
651.94	1900.49	658.53
651.79	1919.69	596.93
651.64	1928.21	601.42
651.51	1941.7	508.04
651.39	1988.83	486.34
651.27	2047.21	465.74
651.15	2047.21	576.81
651.03	2092.21	616.36
650.89	2149.32	704.32
650.74	2202.65	721.79
650.59	2224.93	704.91
650.44	2246.78	660.25
650.29	2275.15	640.53
650.14	2292.14	635.15
649.99	2303.9	646.62
649.84	2312.43	694.01
649.69	2308.93	712.05
649.54	2300.21	722.05
649.39	2293.26	728.33
649.24	2294.99	652.61
649.09	2296.73	579.09
648.94	2302.01	501.47
648.79	2307.2	488.13
648.64	2307.2	476.22
648.49	2302.04	544.87
648.34	2286.81	613.03
648.19	2273.01	671.95
648.04	2261.08	646.81
647.89	2251.03	608.61
647.74	2252.74	588.09
647.59	2264.5	564.16
647.44	2278.29	584.41
647.29	2226.8	625.07
647.14	2163.56	672.15
646.99	2084.34	681.85
646.84	1969.36	714.85
646.69	1847.37	717.53
646.54	1788.51	717.9
646.39	1746.6	713.33
646.24	1708.73	660.92
646.09	1703.95	605.32
645.94	1698.24	563.75
645.79	1703.04	522.14
645.66	1708.88	488.86
645.54	1731.07	513.6
645.42	1760.76	606.32
645.3	1760.76	619.84
645.18	1792.51	638.81
645.04	1812.05	655.05
644.89	1848.12	662.58
644.74	1883.5	607.84
644.59	1934.16	618.67
644.44	1998.63	632.43
644.29	2064.03	648.33
644.14	2106.95	653.98
643.99	2137.63	648.98
643.84	2151.01	643.92
643.69	2133.23	623.58
643.54	2072.23	641.02
643.39	2006.6	668.71
643.24	1938.41	660.12
643.11	1863.56	653.27
642.99	1803.91	650.23
642.87	1792.05	605.26
642.75	1792.05	572.48
642.63	1787.83	580.59
642.49	1788.89	589.16
642.34	1786.81	595.41
642.19	1782.68	616.77
642.04	1779.58	653.89
641.89	1772.43	691.87
641.74	1786.86	701.46
641.59	1802	749.05
641.44	1811.42	786.67
641.29	1829.74	710.35
641.14	1841.12	672.74
640.99	1828.83	641.65
640.84	1821.11	578.56
640.69	1814.77	516.14
640.54	1799.55	550.17
640.39	1793.25	541.81
640.24	1784.81	498.69
640.09	1773.3	452.71
639.94	1764.2	405.45
639.79	1750.17	412.36
639.64	1734.41	407.06
639.49	1686.29	473.18
639.34	1636.69	549.22
639.19	1593.58	638.43
639.04	1556.65	687.77
638.89	1525.84	723.83
638.74	1525.07	716.4
638.59	1529.62	723.01
638.44	1531.91	702.27
638.29	1531.14	672.11
638.14	1520.62	645.2
637.99	1519.86	649.01
637.84	1519.09	629.63
637.69	1518.32	621.13
637.54	1519.09	615.55
637.39	1528.06	634.02
637.24	1527.3	630.22
637.09	1523.52	626.43
636.94	1520.5	625.82
636.79	1516.71	624.71
636.64	1512.16	626.1
636.49	1517.57	632.85
636.34	1508.15	639.7
636.19	1495.96	656.98
636.04	1485.15	664.63
635.89	1477.85	671.5
635.74	1499.73	697.88
635.59	1546.05	695.86
635.44	1630.5	686.58
635.29	1715.87	685.08
635.14	1800.07	663.22
634.99	1849.8	629.12
634.84	1892.16	622.23
634.69	1893.31	612.45
634.54	1875.59	623.41
634.39	1849.31	614.99
634.24	1817.63	612.85
634.09	1776.21	615.39
633.94	1750.4	604.3
633.79	1749.35	570.01
633.64	1764.21	517.05
633.49	1784.34	528.58
633.34	1814.21	537.88
633.19	1836.59	552.1
633.04	1851.9	569.17
632.89	1862.14	622.77
632.74	1870.15	638.85
632.59	1870.15	628.82
632.44	1860.22	616.57
632.29	1840.76	599.59
632.14	1816.67	596.22
631.99	1788.53	561.26
631.84	1771.44	583.13
631.69	1764.07	630.35
631.54	1772.46	707.81
631.39	1780.86	778.45
631.26	1795.47	848.78
631.14	1807.04	854.42
631.02	1817.66	819.58
630.9	1817.66	754.19
630.78	1823.12	705.3
630.64	1825.28	676.98
630.49	1825.28	688.42
630.34	1825.28	700.69
630.19	1816.73	716.05
630.04	1804.95	694.08
629.89	1799.59	652.38
629.74	1801.78	612.58
629.59	1803.97	599.94
629.44	1812.51	587.82
629.29	1822.09	599.16
629.14	1826.37	623.75
628.99	1819.88	562.87
628.84	1823.21	578.58
628.69	1832.18	595.31
628.54	1886.15	595.68
628.39	1935.22	596.76
628.24	1982	677.37
628.09	2000.84	679.6
627.94	2026.61	683.55
627.79	2008.68	704.53
627.64	1996.52	730.27
627.49	1995.17	719.32
627.34	2013.3	708.14
627.19	2009.4	693.43
627.04	2004.19	650.8
626.89	2000.29	598.16
626.74	1983.51	588.43
626.59	1959.29	596.29
626.44	1940.9	607.36
626.29	1907.89	636.96
626.14	1873.8	679.3
625.99	1846.21	676.64
625.84	1823.65	659.72
625.69	1803.71	649.18
625.54	1801.56	660.85
625.39	1808.13	629.64
625.24	1816.88	634.1
625.09	1824.46	630.2
624.94	1830.87	613.62
624.79	1821.51	597.06
624.64	1811.75	598.3
624.49	1801.94	598.91
624.34	1794.35	605.73
624.19	1798.75	626.8
624.04	1811.35	631.55
623.89	1811.35	635.29
623.74	1809.24	636.4
623.59	1799.93	628.59
623.44	1780.92	615.86
623.29	1774.51	612.3
623.14	1773.46	613.77
622.99	1774.51	628.21
622.84	1789.21	644.82
622.69	1807.1	666.6
622.54	1817.91	676.66
622.39	1828.72	684.59
622.24	1827.67	695.39
622.09	1817.05	707.39
621.94	1805.27	706.27
621.79	1794.46	707.84
621.64	1785.76	634.66
621.49	1788.94	628.56
621.34	1796.3	639.74
621.19	1802.64	648.51
621.04	1806.88	637.68
620.89	1810.1	696.36
620.74	1813.33	692.46
620.59	1817.68	605.28
620.44	1823.13	533.7
620.29	1819.93	512.53
620.14	1810.46	463.41
619.99	1803.01	496.54
619.84	1790.26	581.37
619.69	1778.48	613.52
619.54	1777.43	653.04
619.39	1781.58	706.46
619.24	1779.5	652.95
619.09	1781.56	619.56
618.94	1786.83	634.34
618.79	1792.15	604.9
618.64	1796.4	595.45
618.49	1802.69	594.2
618.34	1812.28	597.07
618.19	1815.51	601.99
618.04	1816.59	615.42
617.89	1820.94	630.34
617.74	1825.26	648.44
617.61	1824.17	661.78
617.49	1824.17	656.11
617.37	1825.26	651.4
617.25	1825.26	641.75
617.13	1837.78	631.86
616.99	1837.78	625.94
616.84	1841.07	631.33
616.69	1839.99	633.04
616.54	1834.6	636.18
616.39	1816.66	640.18
616.24	1813.41	640.6
616.09	1809.04	643.34
615.94	1809.04	648.76
615.79	1810.1	658.33
615.64	1810.1	660.71
615.49	1811.18	661.41
615.34	1811.18	664.27
615.19	1813.35	653.47
615.04	1816.59	648.86
614.89	1818.73	632.61
614.74	1817.66	621.43
614.59	1814.44	608.62
614.44	1814.44	602.13
614.29	1816.64	595.14
614.14	1814.48	592.26
613.99	1808.11	589.17
613.84	1799.72	587.87
613.71	1800.78	591.49
613.6	1793.19	588.1
613.51	1793.19	596.02
613.42	1798.65	602.49
613.33	1811.62	604.75
613.22	1811.62	609.49
613.09	1831.08	615.69
612.94	1831.08	618.62
612.79	1823.8	619.75
612.64	1798.07	623.5
612.49	1771.07	621.64
612.34	1742.61	624.16
612.19	1731.24	630.07
612.04	1729.21	638.44
611.89	1745.25	640.81
611.74	1760.32	645.51
611.59	1769.31	642.08
611.44	1773.36	636.05
611.29	1776.41	629.21
611.14	1774.33	626.72
610.99	1769.16	624.39
610.84	1767.12	621.13
610.69	1766.09	617.61
610.54	1763.05	611.09
610.39	1759.96	604.05
610.24	1768.31	599.4
610.09	1768.31	601.76
609.94	1779.82	606.67
609.79	1788.16	610.27
609.64	1800.68	627.01
609.49	1817.78	630.91
609.36	1817.78	636.19
609.21	1818.86	641.11
609.06	1813.6	648.18
608.91	1794.17	634.25
608.76	1760.56	630
608.59	1724.95	618.8
608.44	1702.51	607.34
608.29	1655.68	601.02
608.14	1606.7	605.25
607.99	1566.02	610
607.84	1536.08	619.57
607.69	1496.33	631.03
607.54	1492.47	645.9
607.39	1505.86	663.84
607.24	1505.15	682.67
607.09	1497.48	698.18
606.94	1494.52	688.12
606.79	1490.76	679.7
606.64	1489.98	661.26
606.49	1502.6	640.06
606.34	1526.88	558.43
606.19	1543.93	576.56
606.04	1561.23	583.88
605.89	1608.58	600.34
605.74	1667.64	622.55
605.59	1716.56	682.29
605.44	1758.27	668.67
605.29	1776.29	639.73
605.14	1751.37	612.12
604.99	1703.95	588.7
604.84	1670.52	587.62
604.69	1640.27	592.08
604.54	1631.23	543.91
604.39	1629.02	510.05
604.24	1635.4	469.16
604.09	1624.77	428.92
603.94	1622.58	383.05
603.79	1616.12	432.58
603.64	1599.43	502.54
603.49	1584.93	565.17
603.34	1567.43	622.86
603.19	1543.33	670.38
603.04	1518.03	710.26
602.89	1504.77	702.43
602.74	1491.5	691.94
602.59	1489.67	699.69
602.44	1491.55	710.88
602.29	1500.79	688.67
602.14	1510.15	671.42
601.99	1517.58	674.64
601.84	1525.02	589.16
601.69	1530.78	548.71
601.54	1551.11	516.39
601.39	1573.92	487.01
601.24	1600.9	457.02
601.09	1623.41	542.85
600.94	1637.73	574.82
600.79	1627.24	615.51
600.64	1606.37	675.49
600.49	1599.73	678.19
600.34	1583.04	635.21
600.19	1578.81	607.79
600.04	1582.93	578.86
599.89	1579.07	548.9
599.74	1566.56	571.14
599.59	1562.65	604.63
599.44	1554.52	635.77
599.29	1540.57	665.93
599.14	1548.39	674.59
598.99	1542.48	653.32
598.84	1554.52	625.53
598.69	1560.58	597.59
598.54	1574.53	569.34
598.39	1582.76	545.93
598.24	1594.8	556.03
598.09	1596.9	567.51
597.94	1607.53	579.11
597.79	1616.09	594.39
597.66	1616.09	603.49
597.54	1624.66	613.57
597.42	1633.33	615.25
597.3	1633.33	615.73
597.18	1622.7	612.29
597.04	1620.52	615.54
596.89	1629.19	627.32
596.74	1631.41	639.54
596.59	1629.19	650.52
596.44	1637.64	663.32
596.29	1635.49	673.21
596.14	1635.49	655.82
595.99	1628.94	642.52
595.84	1622.47	637.71
595.69	1626.87	631.31
595.54	1633.42	625.64
595.39	1637.94	627.68
595.24	1642.27	623.73
595.09	1646.56	610.99
594.94	1640	598.25
594.79	1629.23	593.16
594.64	1622.5	589.16
594.49	1624.71	593.71
594.34	1631.35	594.24
594.19	1642.42	593.61
594.04	1664.72	593
593.89	1676.1	592.88
593.74	1682.92	592.52
593.59	1687.5	608.4
593.44	1685.22	628.76
593.29	1654.79	639.69
593.14	1628.72	653.4
592.99	1604.99	671.68
592.84	1581.26	678
592.69	1560.12	689
592.54	1562.11	697.39
592.39	1562.11	703.98
592.24	1546.85	702.88
592.09	1540.95	698.55
591.94	1537.04	682.18
591.79	1529.22	669.21
591.64	1519.5	654.33
591.49	1523.18	638.38
591.34	1525.12	598.69
591.19	1523.2	564.2
591.04	1523.2	532.74
590.89	1525.09	502.22
590.74	1536.68	522.54
590.59	1536.68	553.84
590.44	1540.54	585.02
590.29	1546.37	619.21
590.14	1554.19	652.71
589.99	1540.76	646.33
589.84	1529.46	635.14
589.69	1521.83	619.86
589.54	1516	591.56
589.39	1510.1	570.02
589.24	1517.63	557.07
589.09	1526.99	569.67
588.94	1532.67	581.93
588.79	1534.59	599.01
588.64	1538.5	610.24
588.49	1542.41	605.33
588.34	1548.31	599.64
588.19	1550.26	599.76
588.04	1554.16	606.02
587.89	1552.2	609.14
587.74	1554.19	614.55
587.59	1556.21	617.96
587.44	1564.23	617.71
587.29	1574.46	615.18
587.14	1593.11	617.18
586.99	1612.26	622.84
586.84	1636.31	622.96
586.69	1663.09	623.58
586.54	1690.61	625.21
586.39	1716.72	625.72
586.24	1738.37	618.33
586.09	1753.1	619.6
585.94	1758.01	625.98
585.79	1758.01	636.92
585.64	1774.09	648.1
585.49	1810.86	661.38
585.34	1850.79	676.26
585.19	1883.47	672.67
585.04	1916.15	658.02
584.89	1930.7	633.84
584.74	1937.05	607.27
584.59	1943.5	586.54
584.44	1962.25	583.51
584.29	1981	587.35
584.14	1990.3	603.63
583.99	1983.95	614.41
583.84	1980.7	610.16
583.69	1977.44	602.2
583.54	1977.44	594.21
583.39	1974.3	593.27
583.24	1983.9	600.61
583.09	1987.15	619.32
582.94	1983.95	628.14
582.79	1974.35	630.19
582.64	1980.7	625.44
582.49	1990.78	608.3
582.34	1984.33	578.3
582.19	1981.18	557.86
582.04	1981.18	543.7
581.89	1974.83	528.45
581.74	1943.04	546.39
581.59	1927.79	571.87
581.44	1921.64	598.9
581.29	1887.45	626.16
581.14	1861.22	659.38
580.99	1852.63	669.02
580.84	1833.16	677.45
580.69	1799.98	671.87
580.54	1789.88	652.73
580.39	1759.95	625.4
580.24	1722.22	600.46
580.09	1699.95	569.99
579.94	1683.12	576.55
579.79	1660.2	635.14
579.64	1642.83	700.38
579.49	1627.74	741.4
579.34	1608.07	762.22
579.19	1590.71	738.29
579.04	1586.49	660.29
578.89	1594.94	589.25
578.74	1599.11	542.34
578.59	1603.28	526.41
578.44	1603.28	536.72
578.29	1603.28	573.86
578.14	1601.12	594.29
577.99	1605.4	615.49
577.84	1607.53	630.62
577.69	1609.6	643.26
577.54	1613.82	625.33
577.41	1605.48	601.94
577.29	1594.99	578.73
577.17	1586.65	556.41
577.05	1586.65	529.74
576.93	1580.51	514.33
576.79	1558.57	525.45
576.64	1556.55	541.46
576.49	1558.6	557.14
576.34	1558.6	580.18
576.19	1558.6	550.11
576.04	1570.18	509.86
575.89	1572.2	464.71
575.74	1564.18	526.75
575.59	1554.34	460.6
575.44	1540.91	453.81
575.29	1529.32	446.82
575.14	1517.59	475.6
574.99	1517.59	396.11
574.84	1521.45	436.57
574.69	1536.9	482.57
574.54	1552.55	517.37
574.39	1568.4	536.67
574.24	1576.42	548.46
574.09	1586.51	507.99
573.94	1594.85	467.56
573.79	1601.15	430.64
573.64	1593.02	376.51
573.49	1588.96	330.93
573.34	1576.92	340.41
573.19	1556.85	346.42
573.04	1542.53	344.49
572.89	1542.53	440.22
572.74	1540.54	432.41
572.59	1548.46	444.32
572.44	1552.27	498.24
572.29	1550.33	494.07
572.14	1546.42	389.26
571.99	1546.42	388.93
571.84	1548.47	369.38
571.69	1562.6	363.69
571.54	1576.73	434.03
571.39	1597.33	503.41
571.24	1620.75	502.74
571.09	1638.11	542.63
570.94	1649.03	521.5
570.79	1655.5	490.07
570.64	1649.04	458.8
570.49	1637.97	459.89
570.36	1626.9	474.97
570.24	1620.26	498.51
570.12	1618.08	527.34
570	1618.08	551.69
569.88	1622.36	566.39
569.74	1626.7	524.43
569.59	1633.25	465.48
569.44	1637.64	447.47
569.29	1639.83	411.88
569.14	1637.67	430.39
568.99	1633.33	450.65
568.84	1624.66	491.65
568.69	1615.98	502.8
568.54	1613.8	532.85
568.39	1620.35	563.53
568.24	1626.9	595.1
568.09	1633.36	609.81
567.96	1635.49	548.94
567.84	1633.33	541.95
567.72	1626.78	525.33
567.6	1626.78	505.96
567.48	1620.23	493.07
567.34	1618.05	493.07
567.19	1624.6	556.65
567.04	1628.94	599.38
566.89	1633.28	641.67
566.74	1635.43	606.03
566.59	1637.61	617.69
566.44	1635.4	511.42
566.29	1639.86	427.9
566.14	1644.31	344.77
565.99	1650.95	344.81
565.84	1657.68	381.41
565.69	1664.41	423.12
565.54	1655.62	464.49
565.39	1646.82	501.76
565.24	1635.9	530.1
565.09	1624.84	499.26
564.94	1613.77	509.53
564.79	1618.11	514.54
564.64	1624.66	514.81
564.49	1633.33	477.66
564.34	1642.13	460.99
564.19	1648.68	436.51
564.04	1653.13	393.21
563.89	1653.13	353.62
563.74	1655.38	383.67
563.59	1650.92	406.37
563.44	1646.52	394.24
563.29	1637.73	422.9
563.14	1633.33	464.86
562.99	1626.7	494.36
562.84	1624.51	529.89
562.69	1622.36	569.25
562.54	1624.51	592.64
562.39	1622.36	609.11
562.24	1620.2	612.98
562.09	1618.05	622.69
561.94	1620.2	627.92
561.79	1618.05	631.76
561.64	1615.92	634.42
561.49	1613.8	649.92
561.34	1613.8	662.65
561.19	1611.64	668.35
561.04	1615.98	649.4
560.89	1622.44	624.37
560.74	1631.12	581.17
560.59	1642.19	528.33
560.44	1650.98	501.05
560.29	1655.44	510.71
560.14	1662.17	533.08
559.99	1668.99	556.55
559.84	1671.3	584.78
559.69	1673.57	604
559.54	1673.57	611.47
559.39	1669.05	611.59
559.24	1662.23	622.76
559.09	1655.41	637.15
558.94	1648.68	636.26
558.79	1637.76	629.02
558.64	1633.36	621.86
558.49	1628.97	605.18
558.34	1624.57	597.83
558.19	1624.57	582.81
558.04	1628.85	561.19
557.89	1620.4	540.95
557.74	1607.89	520.99
557.59	1591.41	503.34
557.44	1572.76	510.09
557.29	1562.26	528.83
557.14	1570.71	547.87
556.99	1592.14	568.59
556.84	1617.53	579.44
556.69	1642.91	579.67
556.54	1651.25	586.06
556.39	1655.65	605.99
556.24	1646.73	625.59
556.09	1651.38	644.9
555.94	1651.38	668.45
555.79	1662.45	697.43
555.64	1666.96	707.51
555.49	1682.89	707.97
555.34	1695.08	710.62
555.19	1704.49	714.4
555.04	1711.5	676.39
554.89	1716.15	654.48
554.74	1690.09	585.65
554.59	1678.4	518.78
554.44	1673.69	450.19
554.29	1673.69	428.66
554.14	1671.39	484.82
553.99	1678.21	512.88
553.86	1682.79	545.47
553.74	1680.49	576.71
553.62	1675.84	592.28
553.5	1675.84	520.33
553.38	1675.84	555.13
553.24	1678.18	553.35
553.09	1680.52	550.39
552.94	1687.53	555.63
552.79	1689.83	558.24
552.64	1687.56	532.48
552.49	1685.22	539.57
552.34	1703.11	549.95
552.19	1733.47	559.47
552.04	1765.68	566.07
551.89	1785.33	581.19
551.74	1785.33	593.37
551.59	1806.29	592.32
551.46	1798.43	584.25
551.34	1789.02	589.36
551.22	1781.05	592
551.1	1781.05	592.13
550.98	1781.05	605.09
550.84	1779.75	617.52
550.69	1782.33	612.75
550.54	1784.96	607.01
550.39	1787.58	601.14
550.24	1791.53	585.73
550.09	1791.53	569.28
549.94	1790.23	567.73
549.79	1777.42	564.69
549.64	1768.41	560.18
549.49	1754.36	583.25
549.34	1741.82	591.63
549.19	1730.57	598.68
549.04	1725.7	605.41
548.89	1717.14	635.86
548.74	1722.12	634.28
548.59	1724.56	644.46
548.44	1733.24	629.42
548.29	1741.86	612.81
548.14	1749.18	587.55
547.99	1745.43	576.02
547.84	1751.67	565.62
547.69	1749.15	578.25
547.54	1746.64	592.64
547.39	1755.58	601.38
547.24	1765.76	607.34
547.09	1770.92	615.77
546.94	1788.02	618.79
546.79	1811.96	617.32
546.64	1818.63	618.5
546.49	1828.04	615.58
546.34	1837.45	610.62
546.19	1837.45	606.66
546.04	1826.41	602.99
545.89	1815.86	589.87
545.74	1798.76	594.38
545.59	1771.91	596.81
545.44	1748.66	603.03
545.29	1726.06	598.12
545.14	1705.55	600.3
544.99	1686.57	581.71
544.84	1671.84	578.33
544.69	1646.09	561.94
544.54	1622.04	561.46
544.39	1602.76	552.73
544.24	1587.77	553.71
544.09	1581.39	547.69
543.94	1577.3	550.68
543.79	1574.29	557.34
543.64	1569.32	564.54
543.49	1558.46	566.46
543.34	1549.35	570.51
543.19	1544.38	578.4
543.04	1549.45	585.57
542.89	1552.41	592.45
542.74	1559.23	602.77
542.59	1562.21	619.04
542.44	1566.17	628.53
542.29	1563.11	628.9
542.14	1567.15	619.58
541.99	1576.38	605.69
541.84	1576.38	585.89
541.69	1578.4	566.02
541.54	1580.43	559.12
541.39	1578.4	566.88
541.24	1570.16	578.49
541.09	1573.2	585.16
540.94	1569.19	571.1
540.79	1565.15	552.25
540.64	1564.15	539.92
540.49	1558.13	531.58
540.34	1557.14	542.4
540.19	1553.21	561.68
540.06	1552.21	578.82
539.94	1550.22	586.7
539.82	1557.26	593.18
539.7	1557.26	580.37
539.58	1558.25	591.7
539.44	1565.2	586.29
539.29	1563.22	577.65
539.14	1565.21	558.81
538.99	1564.19	539.78
538.84	1567.18	537.61
538.69	1568.2	543.44
538.54	1575.24	533.7
538.39	1579.31	545.24
538.24	1576.27	552.88
538.09	1574.27	532.83
537.94	1569.24	533.9
537.79	1563.18	556.73
537.64	1562.15	564.6
537.49	1563.16	572.85
537.34	1561.18	583.41
537.19	1557.27	581.71
537.04	1562.3	574.89
536.89	1560.27	569.92
536.74	1559.26	574.12
536.59	1564.26	574.65
536.44	1569.16	573.93
536.29	1567.13	572.26
536.14	1566.13	570.08
535.99	1568.15	556.23
535.84	1567.13	551.78
535.69	1566.14	548.96
535.54	1555.42	546.46
535.39	1547.6	546.25
535.24	1537.76	551.27
535.09	1529.89	563.43
534.94	1524.06	576.9
534.79	1525.01	590.66
534.64	1521.24	595.54
534.49	1521.24	612.14
534.34	1530.12	623.99
534.19	1542.01	637.47
534.04	1555.87	579.07
533.89	1582.38	572.79
533.74	1584.42	553.14
533.59	1583.4	524.1
533.44	1579.31	503.71
533.31	1576.27	558.73
533.19	1569.23	545.57
533.07	1574.46	529.41
532.95	1574.46	514.27
532.83	1579.65	487.31
532.69	1586.88	484.45
532.54	1594.06	499.62
532.39	1623.11	518.43
532.24	1657.2	547.19
532.09	1694.97	580.69
531.94	1734.06	585.21
531.79	1778.24	594.44
531.64	1800.84	602.62
531.49	1803.46	590.01
531.34	1798.25	582.6
531.19	1793.02	574.6
531.04	1774.94	565.07
530.89	1754.71	557.8
530.74	1738.35	559.49
530.59	1724.79	552.34
530.44	1709.95	557.17
530.29	1703.92	565.39
530.14	1701.55	574.43
529.99	1694.49	588.44
529.84	1692.14	600.1
529.69	1688.62	616.66
529.54	1688.62	629.42
529.39	1689.8	626.29
529.24	1695.67	609.68
529.09	1696.84	585.34
528.94	1701.55	547.81
528.79	1721.62	521.02
528.64	1744.38	516.56
528.49	1767.3	512.88
528.34	1792.59	519.84
528.19	1815.51	525.05
528.04	1820.91	521.85
527.89	1827.78	523.55
527.74	1830.52	535.99
527.59	1829.16	545.36
527.44	1823.81	554.32
527.29	1817.09	555.63
527.14	1806.21	548.56
526.99	1799.44	548.24
526.84	1796.77	550.32
526.69	1795.45	550.83
526.54	1794.14	558.02
526.39	1790.22	561.75
526.24	1786.28	559.37
526.09	1782.34	556.88
525.94	1782.34	545.63
525.79	1779.74	537.04
525.64	1778.45	533.5
525.49	1777.15	529.67
525.34	1775.86	525.94
525.19	1775.86	539.81
525.04	1778.46	548.61
524.89	1781.04	567.52
524.74	1781.04	586.46
524.59	1782.34	607.29
524.44	1782.34	605.71
524.29	1781.03	613.07
524.14	1781.03	599.14
523.99	1786.27	585.26
523.84	1786.27	568.76
523.69	1787.58	579.51
523.54	1790.2	578.14
523.39	1798.18	581.69
523.24	1802.21	577.11
523.09	1810.18	585.5
522.94	1812.84	572.5
522.79	1815.5	571.38
522.64	1810.14	585.14
522.49	1804.79	594.71
522.34	1799.43	579.03
522.19	1795.46	581.28
522.04	1791.49	572.48
521.89	1792.81	540.88
521.74	1795.47	522.62
521.59	1798.13	522.62
521.44	1800.77	513.68
521.29	1804.74	518.21
521.14	1807.42	534.3
520.99	1804.76	548.84
520.84	1802.1	555.52
520.69	1796.86	555.96
520.54	1792.89	549.12
520.39	1787.57	539.83
520.24	1783.66	533.99
520.09	1783.66	540.89
519.94	1782.35	558.65
519.79	1786.26	577.8
519.64	1786.26	597.16
519.51	1783.66	616.28
519.4	1786.26	625.14
519.31	1786.26	631.04
519.19	1784.96	616.61
519.07	1787.61	600.83
518.93	1790.25	582.09
518.77	1798.17	555.75
518.59	1799.48	535.03
518.44	1800.79	527.92
518.29	1799.45	521.69
518.14	1794.21	516.3
517.99	1786.3	523.14
517.84	1783.68	528.18
517.69	1784.99	537.93
517.54	1781.05	547.66
517.39	1781.05	558.4
517.24	1782.35	564.95
517.09	1779.76	562.62
516.94	1790.64	561.69
516.79	1799.98	567.11
516.64	1807.89	559.04
516.49	1837.46	550.73
516.34	1869.61	546.53
516.19	1890.31	540.18
516.04	1918.31	524.09
515.89	1961.61	522.73
515.74	1983.83	525.27
515.59	1993.59	527.91
515.44	2005.11	528.91
515.31	2015.03	538.76
515.2	2024.95	545.5
515.11	2024.95	548.67
515.02	2026.61	552.05
514.93	2026.61	557.9
514.82	2026.61	563.35
514.69	2023.25	566.15
514.54	2019.89	569.29
514.39	2018.2	575.57
514.24	1996.15	582.45
514.09	1975.59	588.21
513.94	1956.53	596.41
513.79	1951.59	599.06
513.64	1951.59	597.92
513.49	1977.01	585.75
513.34	1997.57	566.76
513.19	2008.46	545.09
513.04	2003.64	528.77
512.89	1989.06	512.63
512.74	1966.65	513
512.59	1946.09	521.91
512.44	1932.2	529.64
512.29	1914.03	565.11
512.14	1894.73	594.91
511.99	1880.18	628.51
511.84	1867.13	648.04
511.69	1854.18	683
511.54	1845.72	691.78
511.39	1841.53	702.52
511.24	1842.94	622.59
511.09	1845.76	613.03
510.94	1849.98	530.28
510.79	1851.36	494.46
510.64	1854.14	461.63
510.49	1855.56	509.87
510.34	1852.73	447.54
510.19	1847.13	447.54
510.04	1844.37	398.4
509.89	1818.34	350.13
509.74	1787.08	301.38
509.59	1752.78	301.38
509.44	1720.11	306.17
509.29	1687.67	311.31
509.14	1675.98	433.4
508.99	1665.57	555.48
508.84	1661.02	677.57
508.69	1656.5	780.31
508.54	1655.37	775.17
508.39	1669.5	653.09
508.24	1689.73	531
508.09	1704.98	408.92
507.94	1723.82	308.21
507.79	1735.51	315.94
507.64	1730.67	325.14
507.49	1719.66	325.14
507.34	1714.82	325.14
507.19	1707.51	353.42
507.04	1706.3	356.59
506.89	1707.5	352.96
506.74	1714.76	352.96
506.59	1718.38	352.96
506.44	1717.19	317.85
506.29	1718.4	306.95
506.14	1717.2	301.38
505.99	1720.95	301.38
505.86	1724.64	301.38
505.74	1735.65	301.38
505.62	1739.32	406.64
505.5	1739.32	406.64
505.38	1747.88	528.73
505.24	1745.37	650.81
505.09	1745.37	697.74
504.94	1742.87	592.48
504.79	1736.79	595.55
504.64	1731.85	476.33
504.49	1728.15	400.62
504.34	1724.46	374.42
504.19	1721.99	458.52
504.04	1728.06	537.87
503.89	1730.51	612.11
503.74	1730.51	687.83
503.59	1728.09	764.44
503.44	1725.66	777.28
503.29	1723.2	699.83
503.14	1725.69	627.75
502.99	1731.89	510.28
502.84	1743.06	535.02
502.69	1749.22	438.08
502.54	1754.16	446.51
502.39	1756.69	455.19
502.24	1757.96	553.4
502.09	1754.16	436.31
501.94	1761.84	493.12
501.79	1768.23	525.9
501.64	1773.39	565.72
501.49	1779.87	515.58
501.34	1796.96	572.92
501.19	1805	579.07
501.04	1817.09	575.65
500.89	1833.53	581.46
500.74	1850.09	589.05
500.59	1857.12	584.08
500.44	1843.93	577.93
500.29	1830.53	553.7
500.14	1811.5	548.11
499.99	1791.02	520.34
499.84	1779.9	493.94
499.69	1787.7	466.17
499.54	1795.62	479.85
499.41	1800.85	455.21
499.29	1804.77	454.86
499.17	1798.15	466.39
499.07	1798.15	488.7
498.98	1791.62	506.61
498.87	1782.42	516.5
498.75	1782.42	529.52
498.63	1775.9	531.19
498.49	1770.7	523.85
498.34	1778.67	519.07
498.19	1789.23	541.31
498.04	1799.78	557.38
497.89	1804.98	554.01
497.74	1812.84	544.53
497.59	1807.49	543.17
497.44	1802.13	523.58
497.29	1796.78	519.49
497.16	1800.78	532.11
497.04	1794.2	550.91
496.92	1783.95	560.12
496.8	1783.95	564.57
496.68	1776.21	629.51
496.54	1765.96	637.56
496.39	1748.01	645.97
496.24	1737.97	714.84
496.09	1733.07	725.11
495.94	1724.44	603.03
495.79	1715.94	548.64
495.64	1701.91	493.78
495.49	1690.14	379.27
495.34	1680.73	367.18
495.19	1673.66	414.77
495.04	1685.94	456.43
494.89	1710	499.6
494.76	1731.81	549.73
494.64	1740.02	517.17
494.52	1727.8	523.74
494.4	1727.8	528.84
494.28	1699.71	531.71
494.14	1671.22	515.73
493.99	1641.64	504.03
493.84	1624.52	449.86
493.69	1627.76	396.01
493.54	1627.76	465.2
493.39	1624.52	524.78
493.24	1623.44	595.83
493.09	1622.36	715.76
492.94	1624.56	726.79
492.79	1633.41	605.03
492.64	1639.96	565.32
492.49	1645.44	494.27
492.34	1649.8	496.43
492.19	1661.25	607.48
492.04	1671.81	729.24
491.89	1685.74	721.27
491.74	1699.67	765.27
491.59	1714.72	765.27
491.44	1718.31	765.27
491.29	1719.52	694.73
491.14	1721.96	763.18
490.99	1723.18	833.44
490.84	1721.97	797.89
490.69	1730.72	736.8
490.54	1734.44	733.04
490.39	1740.64	659.61
490.26	1745.55	597.51
490.14	1749.19	564.19
490.02	1739.23	554.44
489.9	1739.23	560.82
489.78	1733.07	584.94
489.64	1724.45	589.92
489.49	1717.14	611.68
489.34	1712.3	641.86
489.19	1712.3	686.06
489.04	1704.03	712.5
488.91	1702.83	711.16
488.79	1704.03	691.21
488.67	1704.03	661.55
488.55	1704.03	616.39
488.43	1704.03	581.65
488.29	1712.3	623.2
488.14	1715.91	621.48
487.99	1715.91	615.17
487.84	1718.32	614.54
487.69	1715.91	599.51
487.54	1713.51	549.85
487.39	1712.3	496.53
487.24	1711.1	498.97
487.09	1706.33	446.39
486.94	1705.14	396.95
486.79	1707.54	349.26
486.64	1709.98	349.26
486.49	1716.05	301.38
486.34	1724.49	301.38
486.19	1731.75	301.65
486.04	1737.91	309.61
485.89	1742.89	355.51
485.74	1749.18	400.5
485.59	1752.93	400.5
485.44	1757.95	400.23
485.29	1761.75	392.27
485.14	1759.24	346.37
484.99	1756.7	301.38
484.84	1756.7	301.38
484.69	1755.43	352.02
484.54	1754.16	402.85
484.39	1755.4	457.45
484.24	1755.4	507.48
484.09	1756.67	512.52
483.94	1757.94	467.09
483.79	1759.22	421.64
483.64	1766.9	372.15
483.49	1773.33	322.12
483.34	1779.81	317.74
483.19	1783.67	313.38
483.04	1784.96	308.38
482.89	1781.07	303.28
482.74	1777.18	303.28
482.59	1769.44	302.62
482.44	1782.93	301.77
482.29	1782.93	301.38
482.14	1768.2	301.38
481.99	1748.82	301.38
481.84	1729.71	350.72
481.69	1690.86	402.47
481.54	1666.8	453.21
481.39	1659.89	498.92
481.24	1656.49	544.64
481.09	1655.36	543.18
480.94	1657.62	542.67
480.79	1662.17	541.67
480.64	1665.59	545.69
480.49	1671.3	549.5
480.34	1677	551.16
480.19	1680.45	544.9
480.04	1678.16	542.48
479.89	1678.16	541.4
479.74	1674.71	491.86
479.61	1670.13	442.33
479.49	1664.43	450.55
479.37	1661.05	403.52
479.25	1661.05	355.22
479.13	1653.17	355.34
478.99	1648.69	404.88
478.84	1639.89	351.67
478.69	1633.3	399.66
478.54	1635.54	448.05
478.39	1641.13	447.93
478.24	1644.48	398.4
478.09	1652.15	398.4
477.94	1663.29	356.71
477.79	1667.87	307.96
477.61	1671.32	370.17
477.43	1681.8	432.26
477.25	1700.48	480.52
477.07	1706.38	524.38
476.89	1711.09	576.55
476.74	1706.35	565.78
476.59	1707.57	550.15
476.44	1702.86	505.48
476.29	1696.95	505.78
476.14	1692.25	471.4
475.99	1693.42	437.78
475.84	1682.79	409.05
475.69	1680.49	464.55
475.54	1679.33	461.31
475.39	1674.75	443.53
475.24	1673.58	425.71
475.09	1674.73	407.98
474.94	1675.87	348.88
474.79	1675.87	310.15
474.64	1680.45	318.96
474.49	1676.98	318.96
474.34	1674.69	318.96
474.19	1672.4	318.96
474.04	1670.12	310.19
473.89	1666.67	344.32
473.74	1654.53	387.52
473.59	1639.34	429.08
473.44	1626.24	429.08
473.29	1610.02	429.08
473.14	1607.76	386.14
472.99	1617.62	342.94
472.86	1630.55	349.17
472.74	1638.07	394.24
472.62	1652.03	442.41
472.5	1652.03	491.45
472.38	1654.29	541.39
472.24	1654.29	539.14
472.09	1653.17	541.65
471.94	1645.66	540.79
471.79	1635.86	538.96
471.64	1622.75	532.94
471.49	1611.83	529.82
471.34	1603.16	527.58
471.19	1606.34	529.51
471.04	1608.46	531.54
470.89	1610.57	536.28
470.74	1612.7	543.1
470.59	1616.98	547.48
470.44	1621.32	510.93
470.29	1632.39	513.97
470.14	1643.38	518.84
469.99	1656.75	523.35
469.84	1663.39	519.15
469.69	1674.77	522.1
469.54	1679.41	484.35
469.39	1685.19	478.61
469.24	1695.97	478.93
469.09	1711.33	487.46
468.94	1714.9	520.08
468.79	1717.27	505.56
468.64	1719.64	457.77
468.49	1717.18	403.71
468.34	1711.11	349.65
468.19	1709.91	301.38
468.04	1709.91	365.85
467.89	1718.47	434.95
467.74	1714.86	504.32
467.59	1717.26	511.19
467.44	1718.46	633.27
467.29	1722.07	690.35
467.16	1717.13	740.12
467.04	1721.97	792.83
466.92	1721.97	908.05
466.8	1721.97	785.97
466.68	1721.97	664.42
466.54	1719.55	549.66
466.39	1717.13	465.13
466.24	1715.91	359.45
466.09	1722.07	374.95
465.94	1733.23	378.11
465.79	1744.4	433.58
465.64	1758.15	411.43
465.49	1769.48	450.82
465.34	1778.48	491.79
465.19	1777.2	531.65
465.04	1775.93	534.3
464.89	1775.93	569.73
464.74	1774.63	565.07
464.59	1774.63	567
464.44	1778.49	578.36
464.29	1782.35	573.85
464.14	1783.65	570.99
463.99	1787.56	565.02
463.86	1786.25	555.96
463.74	1786.25	551.01
463.62	1784.95	542.74
463.5	1784.95	552.93
463.38	1781.07	557.59
463.24	1774.59	553.33
463.09	1768.16	559.37
462.94	1755.62	510.17
462.79	1739.6	502.84
462.64	1726.05	503.94
462.49	1712.59	513.36
462.34	1698.06	505
462.19	1709.31	557.03
462.04	1725.33	506.2
461.89	1741.46	517.97
461.74	1757.48	524.59
461.61	1770.75	537.52
461.49	1765.66	544.81
461.37	1760.58	605.21
461.25	1760.58	542.5
461.13	1754.19	543.11
460.99	1744.16	544.79
460.84	1730.89	548.43
460.69	1718.79	498.12
460.54	1706.68	509.14
460.39	1694.58	458.61
460.24	1689.77	406.89
460.09	1694.48	353.6
459.94	1701.64	343.52
459.79	1710.02	380.28
459.64	1720.88	413.71
459.49	1733.15	448.61
459.34	1746.8	485.33
459.19	1758.13	485.33
459.04	1768.24	437.55
458.89	1775.87	392.93
458.74	1778.43	470.12
458.59	1775.87	545.55
458.44	1765.76	609.39
458.29	1749.63	673.47
458.14	1728.82	744.1
457.99	1715.17	716.95
457.84	1706.48	656.59
457.69	1701.64	648.45
457.54	1705.24	584.36
457.39	1717.17	635.82
457.24	1720.79	585.96
457.09	1722	532.35
456.94	1728.08	532.79
456.79	1731.75	544.58
456.64	1730.51	422.49
456.49	1732.97	388.52
456.34	1741.71	484.34
456.19	1751.89	550.29
456.04	1763.39	660.59
455.89	1780.11	769.99
455.74	1794.26	880.96
455.59	1803.46	880.52
455.44	1808.78	758.44
455.29	1812.78	758.44
455.14	1810.1	650.53
454.99	1799.7	528.45
454.84	1781.75	462.84
454.69	1763.8	532.49
454.54	1744.64	482.88
454.39	1724.56	550.34
454.24	1707.73	619.3
454.09	1697.1	658.39
453.94	1693.48	634.82
453.79	1695.92	612.78
453.64	1720.03	594.05
453.49	1752.7	576.94
453.34	1790.97	622.07
453.19	1828.01	615.06
453.04	1860.2	604.1
452.89	1878.77	569.09
452.74	1899.15	527.28
452.59	1915.48	451.56
452.44	1908.29	453.79
452.29	1901.1	465.76
452.14	1892.3	491.01
451.99	1876.1	534.07
451.84	1854.17	553.72
451.69	1844.55	563.56
451.54	1832.27	571.8
451.39	1817.15	593.3
451.24	1804.87	598.02
451.09	1787.77	589.03
450.94	1777.37	599.49
450.79	1756.26	618.17
450.64	1741.1	676.93
450.49	1723.54	701.35
450.34	1710.27	720.36
450.19	1696.9	699.73
450.04	1694.58	679.08
449.89	1688.64	617.44
449.74	1688.64	657.28
449.59	1695.75	697.78
449.44	1704.13	771.32
449.29	1707.62	756.81
449.14	1703.01	705.4
448.99	1692.6	625.22
448.84	1675.36	558.22
448.69	1655.68	443.71
448.54	1645.42	449.65
448.39	1642.04	490.81
448.24	1653.65	529.18
448.09	1670.89	595.42
447.94	1686.92	595.42
447.79	1700.76	552.38
447.64	1719.6	598.27
447.49	1709.12	517.99
447.34	1699.7	412.06
447.19	1680.43	412.06
447.04	1659.02	405.96
446.89	1645.85	311.22
446.74	1651.59	353.55
446.59	1662.22	344.87
446.44	1688.86	349
446.29	1717.63	349
446.14	1733.31	349
445.99	1747.94	306.67
445.84	1759.27	402.87
445.69	1765.66	415.52
445.54	1773.34	442.51
445.39	1781.09	459.06
445.26	1786.25	474.56
445.14	1786.25	390.17
445.02	1787.56	454.63
444.9	1787.56	428.61
444.78	1788.87	469.54
444.64	1788.87	502.99
444.49	1792.84	534.21
444.34	1798.12	507.99
444.19	1800.76	557.96
444.04	1800.76	550.6
443.89	1800.76	548.49
443.74	1800.76	561.46
443.59	1799.42	568.89
443.44	1798.1	563.21
443.29	1798.1	575.91
443.14	1795.48	584.66
443.01	1788.91	596.2
442.89	1783.67	594.86
442.77	1779.76	616.54
442.65	1779.76	553.71
442.53	1775.84	543.29
442.39	1763.3	524.84
442.24	1753.27	513.55
442.09	1744.46	513.55
441.94	1738.12	568.59
441.79	1730.54	581.36
441.64	1734.21	592.85
441.49	1740.41	600.73
441.34	1740.41	582.84
441.19	1744.19	571.27
441.04	1750.48	556.53
440.89	1755.49	538.98
440.74	1754.24	530.21
440.59	1763.05	544.12
440.44	1769.52	546.38
440.29	1776.05	541.93
440.14	1779.91	521.15
439.99	1783.71	497.84
439.84	1782.42	478.27
439.69	1781.11	479.85
439.54	1773.31	500.67
439.39	1774.61	536.96
439.24	1775.9	564.74
439.09	1774.62	572.81
438.94	1773.32	573.19
438.79	1774.59	563.65
438.64	1765.65	554.4
438.49	1753.2	555.15
438.34	1748.19	552.94
438.19	1741.8	554.39
438.04	1741.8	554.89
437.89	1746.85	555
437.74	1759.31	546.45
437.59	1781.67	546.06
437.44	1802.95	550.03
437.29	1820.43	550.53
437.14	1833.73	555.25
436.99	1847.12	570.74
436.84	1845.73	581.58
436.69	1848.57	585.96
436.56	1852.85	593.79
436.44	1861.32	599.65
436.32	1868.4	611.44
436.2	1868.4	614.1
436.08	1874.05	617.13
435.94	1857.61	619.02
435.79	1837.13	621.11
435.64	1814.1	597.83
435.49	1793.62	588.28
435.34	1774.58	580.66
435.19	1777.22	574.4
435.04	1790.27	571.59
434.89	1803.66	572.79
434.74	1822.7	571.45
434.59	1839.39	571.87
434.46	1858.86	562.18
434.34	1877.14	564.62
434.22	1894.61	562.92
434.1	1894.61	559.07
433.98	1904.92	543.31
433.84	1909.33	534.98
433.69	1910.81	520.7
433.54	1912.29	531.84
433.39	1904.81	544.28
433.24	1893.08	566.29
433.09	1885.78	598.23
432.94	1881.39	626.79
432.79	1874.09	578.51
432.64	1869.74	529.84
432.49	1887.62	481.8
432.34	1889.06	483.87
432.19	1889.06	464.13
432.04	1890.5	514.1
431.89	1878.03	580.47
431.74	1839.98	657.99
431.59	1820.8	690.11
431.44	1802.93	720.7
431.29	1783.75	743.35
431.14	1778.47	750.93
430.99	1784.95	747.36
430.84	1791.57	718.69
430.69	1800.97	679.28
430.54	1811.69	643.32
430.39	1826.59	607.84
430.24	1837.46	529.67
430.09	1826.98	466.22
429.94	1809.88	424.98
429.79	1812.66	385.73
429.64	1807.1	347.26
429.49	1802.95	338.61
429.34	1820.3	326.78
429.19	1838.78	329.1
429.04	1837.39	329.18
428.89	1834.67	325.66
428.74	1822.75	325.66
428.59	1806.67	325.66
428.44	1792	314.68
428.29	1777.32	313.82
428.14	1769.4	315.1
427.99	1763.11	324.2
427.84	1755.59	324.2
427.69	1748.06	371.63
427.54	1740.54	361.68
427.39	1730.51	351.22
427.24	1728.05	342.11
427.09	1726.83	465.54
426.94	1723.18	418.11
426.79	1718.34	451.39
426.64	1715.92	484.67
426.49	1713.5	484.67
426.34	1715.96	484.67
426.19	1720.83	608.09
426.04	1726.9	587.39
425.89	1731.78	567.97
425.74	1740.4	583.87
425.59	1745.42	476.36
425.44	1751.71	436.35
425.29	1758	489.33
425.14	1765.58	542.05
424.99	1769.41	592.21
424.84	1771.97	625.13
424.69	1775.86	541.72
424.54	1781.06	476.16
424.39	1786.3	409.59
424.24	1795.57	407.08
424.09	1804.84	456.52
423.94	1815.63	556.64
423.79	1835.1	668.81
423.64	1859.21	731.88
423.49	1879.28	741.14
423.34	1899.35	708.92
423.19	1912.3	679.23
423.06	1907.95	637.09
422.94	1896.22	643.92
422.82	1870.79	571.1
422.7	1870.79	563.41
422.58	1833.87	492.97
422.44	1770.54	422.95
422.29	1715.54	353.06
422.14	1661.98	353.06
421.99	1627.41	294.69
421.84	1623.74	294.69
421.69	1649.48	294.69
421.54	1674.19	343.71
421.39	1679.49	394
421.24	1702.57	444.48
421.09	1708.73	444.48
420.94	1716.15	496.85
420.79	1722.3	512
420.64	1749.13	525.51
420.49	1754.15	543.05
420.34	1757.95	593.72
420.19	1760.49	592.62
420.04	1764.3	552.16
419.89	1769.42	520.61
419.74	1775.9	484.98
419.59	1781.1	480.17
419.44	1786.3	500.73
419.29	1791.5	541.3
419.14	1788.92	572
418.99	1783.72	602.32
418.84	1779.8	620
418.69	1774.6	607.68
418.54	1766.86	606.33
418.39	1764.31	606.33
418.24	1763.04	608.05
418.09	1761.75	615.62
417.94	1765.64	625.46
417.79	1770.76	599.12
417.64	1778.51	571.45
417.49	1783.67	543.04
417.34	1784.95	511.12
417.19	1781.07	509.66
417.04	1777.21	528.78
416.89	1773.3	543.11
416.74	1770.7	559.49
416.59	1770.7	569.4
416.44	1771.98	553.49
416.29	1775.84	548.54
416.14	1779.75	549.91
415.99	1798.79	551.87
415.84	1819.27	544.55
415.69	1839.74	534.39
415.54	1851.84	527.54
415.39	1857.2	526.56
415.24	1846.08	519.92
415.09	1833.52	537.17
414.94	1819.61	544.3
414.79	1808.82	548.82
414.64	1798.26	546.82
414.49	1770.83	556.59
414.34	1750.46	567.02
414.19	1733.86	587.44
414.04	1721.23	608.33
413.89	1701.85	625.01
413.74	1706.52	642.23
413.59	1710.17	662.04
413.44	1718.91	693.23
413.29	1725.12	623.88
413.14	1743.22	604.11
412.99	1755.49	581.29
412.84	1760.47	518.49
412.69	1755.42	529.4
412.54	1751.67	584.8
412.39	1746.66	595.2
412.24	1741.64	599.71
412.09	1737.89	623.79
411.94	1741.67	561.46
411.79	1749.25	578.3
411.64	1759.43	614.87
411.49	1774.92	576.15
411.34	1794.51	543.07
411.19	1809.08	529.22
411.04	1828.11	549.03
410.89	1845.99	557.08
410.74	1851.47	631.3
410.59	1854.25	679.22
410.44	1884.08	717.33
410.29	1866.34	689.57
410.14	1848.46	651.27
409.99	1832.5	620.08
409.84	1807.68	615.09
409.69	1754.6	602.02
409.54	1742.06	597.12
409.41	1723.44	597.84
409.29	1712.35	615.16
409.17	1707.54	628.97
409.05	1707.54	630.75
408.93	1705.14	634.78
408.79	1703.93	628.61
408.64	1685.04	610.24
408.49	1664.84	535.99
408.34	1645.82	537.57
408.19	1633.18	496.98
408.04	1631.98	466.6
407.89	1658.08	442.03
407.74	1684.36	565.46
407.59	1714.39	566.33
407.44	1736.85	605.83
407.29	1744.16	635.98
407.14	1747.88	679.69
406.99	1756.75	625.21
406.84	1763.18	633.2
406.69	1769.61	640.89
406.54	1775.95	630.64
406.39	1779.75	598.66
406.24	1778.46	653.14
406.09	1775.86	638.76
405.94	1764.45	616.62
405.79	1754.42	618.64
405.64	1744.46	613.08
405.49	1735.65	541.63
405.34	1726.84	539.53
405.19	1726.84	547.36
405.04	1725.62	590.05
404.89	1728.06	619.95
404.74	1726.84	637.87
404.59	1726.84	652.12
404.44	1733.08	673.16
404.29	1741.77	582.77
404.14	1751.87	590.1
403.99	1760.62	575.61
403.84	1770.73	549.24
403.69	1782.56	516.48
403.54	1797.13	566.28
403.39	1807.84	536.76
403.24	1819.76	532.43
403.09	1830.47	539.08
402.94	1831.84	545.74
402.79	1829.1	547.21
402.64	1823.66	498.28
402.51	1813.03	447.21
402.39	1801.02	396.63
402.27	1790.39	345.96
402.15	1790.39	294.69
402.03	1787.69	301.59
401.89	1800.15	346.66
401.74	1793.82	357.51
401.59	1787.48	402.5
401.44	1783.65	442.5
401.29	1778.37	475.53
401.14	1765.91	471.2
400.99	1782.88	512.82
400.84	1801.22	521.97
400.69	1818.45	535.26
400.54	1823.72	546.3
400.39	1822.39	505.57
400.24	1815.67	497.54
400.09	1792.42	486.82
399.94	1759.51	433.52
399.79	1731.13	382.55
399.64	1705.23	426.57
399.49	1685.3	382.11
399.34	1682.9	338.7
399.19	1688.76	338.7
399.04	1699.31	338.7
398.89	1711.17	294.69
398.74	1719.61	294.69
398.59	1725.68	294.69
398.44	1732.99	342.02
398.29	1737.9	389.17
398.14	1741.63	436.04
397.99	1741.63	436.04
397.84	1742.87	440.81
397.71	1744.12	393.48
397.59	1746.62	346.33
397.47	1750.43	351.83
397.35	1750.43	403.91
397.23	1758	449.62
397.09	1765.64	573.04
396.94	1773.32	641.99
396.79	1779.75	589.61
396.64	1782.34	537.54
396.49	1777.25	544.2
396.34	1775.95	479.37
396.19	1775.95	410.43
396.04	1775.95	533.85
395.89	1774.66	582.02
395.74	1781.04	573.34
395.59	1783.64	563.39
395.44	1779.75	613.77
395.29	1775.87	540.43
395.14	1774.58	545.04
394.99	1772	549.58
394.84	1768.12	552.6
394.69	1768.12	553.39
394.54	1763.06	551.01
394.39	1758.01	498.22
394.24	1752.96	445.23
394.09	1746.67	393.56
393.94	1739.14	342.39
393.79	1739.14	294.69
393.64	1740.39	294.69
393.49	1741.64	308.2
393.34	1744.13	395.72
393.19	1752.94	483.77
393.06	1761.88	569.72
392.94	1769.57	576.59
392.82	1778.57	610.14
392.7	1778.57	566.46
392.58	1784.96	522.43
392.44	1786.25	480.14
392.29	1784.95	473.27
392.14	1783.64	426.22
391.99	1775.9	382.37
391.84	1768.26	338.36
391.69	1760.63	338.36
391.54	1751.76	408.25
391.39	1741.65	497.91
391.24	1739.14	587.93
391.09	1739.14	680.93
390.94	1740.39	689.43
390.79	1744.14	670.02
390.64	1747.86	622.08
390.49	1752.92	578.84
390.34	1761.85	540.4
390.19	1764.38	540.19
390.04	1766.92	539.9
389.89	1769.45	543.96
389.74	1766.9	543.96
389.59	1757.97	538.34
389.44	1754.19	535.11
389.29	1749.14	531.62
389.14	1745.36	543.87
388.99	1742.86	556.59
388.84	1745.36	569.04
388.69	1746.61	589.78
388.54	1751.67	617.05
388.41	1759.3	610.39
388.29	1766.93	601.95
388.17	1773.36	592.04
388.05	1773.36	576.27
387.93	1781.05	542.64
387.79	1783.63	534.34
387.64	1783.63	525.16
387.49	1782.34	519.29
387.34	1781.03	517.35
387.19	1777.15	534.49
387.04	1774.56	546.72
386.89	1771.98	559.59
386.74	1771.98	567.39
386.59	1775.93	589
386.46	1777.21	603.77
386.34	1777.21	612.16
386.22	1777.21	618.06
386.1	1777.21	635.1
385.98	1775.93	623.33
385.84	1764.35	612.82
385.69	1756.77	590.79
385.54	1749.25	565.17
385.39	1739.29	541.24
385.24	1730.54	536.11
385.09	1725.63	517.95
384.94	1724.4	530.66
384.79	1720.76	547.27
384.64	1720.76	542.82
384.49	1719.55	528.81
384.36	1717.13	516.93
384.24	1715.92	510.11
384.14	1715.92	507.75
384.02	1712.28	514.25
383.9	1713.49	519.2
383.76	1714.69	537.01
383.61	1719.57	530.8
383.44	1725.68	524.47
383.29	1731.8	518.56
383.14	1737.96	507.66
382.99	1745.37	501.56
382.84	1752.95	498.84
382.69	1759.29	493.28
382.54	1765.63	490.97
382.39	1770.72	499.6
382.24	1773.26	498.16
382.09	1771.97	497.16
381.94	1770.69	507.06
381.79	1770.69	513.52
381.64	1766.86	514.41
381.49	1764.31	520.43
381.34	1761.77	533.13
381.19	1760.49	535.98
381.04	1755.4	539.19
380.89	1756.67	544.4
380.74	1752.92	548.29
380.59	1750.42	556.94
380.44	1746.64	561.1
380.29	1746.64	565.76
380.14	1746.64	573.89
379.99	1744.11	574.6
379.86	1746.6	567.33
379.75	1746.6	558.5
379.63	1746.6	546.66
379.51	1747.85	522.83
379.39	1746.6	507.91
379.25	1746.61	498.8
379.09	1746.61	497.12
378.94	1746.61	492.66
378.79	1745.36	492.66
378.64	1745.36	491.01
378.49	1740.41	483.79
378.34	1735.47	474.86
378.19	1731.77	493.32
378.04	1729.3	517.15
377.89	1729.3	544.21
377.74	1724.39	572.05
377.59	1721.97	594.62
377.46	1723.19	576.94
377.35	1723.19	540.93
377.23	1723.19	509.7
377.11	1721.97	463.97
376.99	1721.97	448.39
376.85	1726.84	458.37
376.69	1726.84	481.68
376.54	1730.54	491.73
376.39	1740.57	513.1
376.24	1754.42	501.78
376.09	1764.6	485.52
375.94	1777.32	480.38
375.79	1784.96	479.72
375.64	1786.25	481.15
375.49	1782.36	498.85
375.34	1778.48	513.42
375.19	1772	523.13
375.04	1766.88	535.72
374.89	1760.49	547.14
374.74	1757.95	544.48
374.59	1754.15	546.75
374.44	1747.9	547.25
374.29	1742.92	531.78
374.14	1737.97	537.15
373.99	1726.97	545.57
373.84	1716.03	550.84
373.69	1707.65	567.62
373.54	1698.1	568.24
373.39	1687.47	553.01
373.24	1685.12	553.22
373.09	1683.95	553.86
372.94	1683.95	524.53
372.79	1687.46	525.09
372.64	1695.67	522.89
372.49	1702.83	504
372.34	1709.99	481.8
372.19	1718.38	468.55
372.04	1723.18	453.13
371.89	1728.06	441.98
371.74	1731.75	442.56
371.59	1735.45	439
371.44	1736.68	440.5
371.29	1739.14	443.86
371.14	1741.63	444.3
370.99	1742.87	448.94
370.84	1744.12	453.63
370.69	1746.61	464.75
370.54	1747.85	476.74
370.39	1747.85	487.13
370.24	1749.11	490.06
370.09	1754.2	505.6
369.94	1758	518.48
369.79	1763.05	530.91
369.64	1769.44	538.95
369.49	1777.18	544.29
369.34	1783.76	537.78
369.19	1790.28	532.37
369.04	1795.48	533.28
368.89	1798.1	549.01
368.74	1798.1	563.11
368.59	1795.44	583.2
368.44	1788.92	586.37
368.29	1782.44	574.32
368.14	1772.19	550.79
367.99	1761.94	521.33
367.84	1751.68	500.98
367.69	1747.88	517.57
367.54	1744.11	533.87
367.39	1741.63	547.95
367.24	1739.16	563.39
367.09	1737.92	643.49
366.94	1732.98	701.11
366.79	1726.86	680.82
366.64	1723.22	678.69
366.49	1719.58	696.98
366.34	1715.91	640.13
366.19	1714.69	580.76
366.04	1715.9	598.24
365.89	1719.54	595.51
365.74	1723.18	565.41
365.59	1725.62	536.42
365.44	1728.06	528.64
365.29	1734.22	496.04
365.14	1737.94	469.54
364.99	1741.66	453.06
364.84	1744.13	445.46
364.69	1745.36	429.12
364.54	1741.64	450.38
364.39	1737.92	477.36
364.24	1734.2	494.53
364.09	1731.73	502.43
363.94	1730.5	501.56
363.79	1731.73	494.74
363.64	1734.2	498.51
363.49	1740.45	509.82
363.34	1745.43	519.64
363.19	1750.41	524.95
363.04	1751.65	531.68
362.89	1751.65	533.78
362.74	1747.87	532.55
362.59	1745.36	533.39
362.44	1745.36	542.53
362.29	1753	553.74
362.14	1760.63	549.83
361.99	1766.97	549.37
361.84	1777.22	548.06
361.69	1782.35	538.22
361.54	1779.76	529.09
361.39	1777.18	513.55
361.24	1775.9	509.28
361.09	1770.7	505.11
360.94	1764.31	505.54
360.79	1759.26	460.65
360.64	1754.21	473.38
360.49	1749.16	485.2
360.34	1742.87	497.32
360.19	1734.3	514.24
360.04	1724.62	584.13
359.89	1714.94	565.04
359.74	1704.08	538.52
359.59	1700.41	511.79
359.44	1696.87	478.47
359.29	1699.24	447.32
359.14	1710.17	457.74
358.99	1726.08	468.26
358.84	1739.93	482.28
358.69	1750.78	508.7
358.54	1755.62	527.43
358.39	1751.9	543.47
358.24	1745.61	547.48
358.09	1734.2	597.99
357.94	1731.73	543.86
357.79	1731.73	495.3
357.64	1731.73	486.82
357.49	1730.5	489.53
357.34	1730.5	441.52
357.19	1725.66	490.17
357.04	1719.63	604.67
356.89	1713.6	592.49
356.74	1706.39	578.02
356.59	1700.36	563.29
356.44	1699.17	554.73
356.29	1703.97	479.67
356.14	1712.48	501.98
355.99	1722.16	516.89
355.84	1734.44	530.49
355.69	1745.44	540.59
355.54	1754.19	525.64
355.39	1760.53	517.78
355.24	1766.87	513.03
355.09	1770.72	516.52
354.94	1774.55	508.64
354.79	1775.84	518.72
354.64	1777.14	514.29
354.49	1781.05	528.4
354.34	1783.67	536.05
354.19	1784.96	543.92
354.04	1784.96	547.67
353.89	1782.38	548.38
353.74	1767.22	536.28
353.59	1743.79	604.73
353.44	1722.98	597.19
353.29	1703.47	593.19
353.14	1679.58	591.42
352.99	1664.53	591.17
352.84	1658.87	505.55
352.69	1653.2	504.47
352.54	1649.78	511.8
352.39	1661.31	517.97
352.24	1678.79	524.71
352.09	1695.16	486.9
351.94	1712.76	445.34
351.79	1729.36	394.77
351.64	1728.17	344.58
351.49	1725.73	306.84
351.34	1720.89	352.9
351.19	1713.63	409.82
351.04	1706.32	464.48
350.89	1709.91	522.51
350.74	1711.13	557.04
350.59	1715.97	558.79
350.44	1723.23	550.13
350.29	1725.63	545.27
350.14	1723.23	529.13
349.99	1719.61	521.73
349.84	1720.84	514.18
349.69	1722.08	477.87
349.54	1726.99	481.68
349.39	1730.61	467.93
349.24	1734.23	467.85
349.09	1732.99	447.63
348.94	1729.3	474.42
348.79	1728.06	467.68
348.64	1729.28	485.68
348.49	1729.28	491.9
348.34	1730.51	516.67
348.19	1734.21	515.44
348.04	1735.45	513.9
347.89	1733.01	517.36
347.76	1731.8	514.41
347.64	1729.34	512.34
347.52	1725.65	521.25
347.4	1725.65	523.99
347.28	1719.53	519.37
347.14	1718.33	523.04
346.99	1713.55	527.09
346.84	1705.23	534.08
346.69	1698.07	539.81
346.54	1694.5	549.17
346.39	1689.76	552.92
346.24	1683.98	553.94
346.09	1678.27	517.09
345.94	1671.41	505.75
345.79	1664.49	497.65
345.64	1646.77	500.13
345.49	1630.55	503.8
345.34	1616.59	528.97
345.19	1630.61	531.12
345.04	1641.1	532.03
344.89	1662.36	526.9
344.74	1685.54	523.04
344.59	1706.38	526.57
344.44	1699.22	528.17
344.29	1695.65	524.01
344.14	1695.65	519.41
343.99	1698.04	517.58
343.84	1702.78	518.48
343.69	1708.72	517.76
343.54	1711.09	486.44
343.39	1711.09	489.4
343.24	1709.89	443.61
343.09	1708.7	445.18
342.94	1708.7	399.66
342.81	1707.51	388
342.69	1705.14	342.39
342.57	1703.95	389.36
342.45	1703.95	388.25
342.33	1703.95	435.68
342.19	1707.62	483.29
342.04	1716.12	483.29
341.89	1727.05	483.48
341.74	1736.8	485.24
341.59	1742.87	482.79
341.44	1742.87	479.9
341.29	1737.97	479.9
341.14	1730.6	489.23
340.99	1705.03	496.16
340.84	1684.12	497.51
340.69	1663.21	452.79
340.54	1645.97	452.79
340.39	1631.03	396.31
340.24	1638.75	388.16
340.09	1645.44	388.99
339.94	1652.12	388.99
339.79	1658.81	442.59
339.64	1664.4	491.81
339.49	1663.27	497.55
339.34	1658.78	493.9
339.19	1655.41	540.32
339.04	1652.03	532.94
338.89	1652.03	525.03
338.74	1656.58	514.03
338.59	1663.36	533.72
338.44	1669.02	501.16
338.29	1677.01	487.03
338.16	1683.97	474.81
338.04	1687.47	444.62
337.92	1690.96	431.82
337.8	1690.96	473.37
337.68	1695.63	564.69
337.54	1696.81	659.02
337.39	1695.63	671.89
337.24	1694.45	642.67
337.09	1695.63	660.94
336.94	1699.23	582.5
336.79	1707.67	496.66
336.64	1716.11	489.31
336.49	1729.47	493.28
336.34	1737.97	453.1
336.19	1740.41	434.73
336.04	1739.18	441.17
335.89	1735.51	448.52
335.76	1724.5	439.65
335.64	1718.39	433.39
335.52	1714.74	450.27
335.4	1714.74	438.02
335.28	1711.1	453.78
335.14	1711.1	478.32
334.99	1713.49	488.84
334.84	1711.1	486.65
334.69	1707.53	489.14
334.54	1706.34	488.66
334.39	1703.93	489.07
334.24	1699.19	493.47
334.09	1696.84	489.29
333.94	1695.67	496.5
333.79	1692.12	496.26
333.64	1694.53	493.39
333.49	1700.47	494.49
333.34	1708.86	504.88
333.19	1711.21	509.55
333.04	1715.95	516.36
332.89	1714.74	525.81
332.74	1714.74	517.98
332.59	1709.9	502.23
332.44	1709.9	487.32
332.29	1705.16	466.93
332.14	1699.26	473.26
331.99	1693.31	490.11
331.84	1690.94	510.82
331.69	1689.76	530.27
331.54	1689.76	536.69
331.39	1694.47	514
331.24	1696.82	493.02
331.09	1696.82	466.27
330.94	1698	463.02
330.79	1699.18	498.85
330.64	1696.81	525.9
330.49	1692.13	594.52
330.34	1687.49	692.22
330.19	1681.67	672.81
330.04	1677.02	628.81
329.89	1671.24	583.8
329.74	1673.56	553.5
329.59	1679.38	553.5
329.44	1686.4	568.72
329.29	1695.81	598.88
329.14	1708.81	642.34
329.01	1717.19	627.16
328.89	1723.22	570.58
328.77	1728.06	549.62
328.65	1728.06	514.25
328.53	1728.06	490.05
328.39	1723.22	490.58
328.24	1717.19	467.76
328.09	1709.98	479.1
327.94	1701.6	488.11
327.79	1693.33	496.37
327.64	1688.62	482.62
327.49	1685.1	475.05
327.34	1686.28	486.41
327.19	1687.46	501.05
327.04	1694.52	502.55
326.89	1702.84	506.21
326.74	1708.75	508.19
326.59	1714.78	504.19
326.44	1720.76	498.74
326.29	1720.76	481.76
326.14	1717.15	480.19
325.99	1713.58	472.93
325.84	1706.37	468.55
325.69	1698.04	477.5
325.54	1693.3	501.14
325.39	1689.76	581.23
325.24	1687.42	583.42
325.09	1683.93	584.17
324.94	1681.63	568.7
324.79	1677.02	554.78
324.64	1673.55	452.21
324.51	1672.39	445.72
324.39	1672.39	435.04
324.27	1674.69	430.89
324.15	1674.69	413.15
324.03	1679.3	427.78
323.89	1683.95	444
323.74	1687.44	464.28
323.59	1694.5	484.27
323.44	1701.61	494.4
323.29	1706.35	489.94
323.14	1707.53	469.65
322.99	1708.71	466.01
322.84	1707.52	459.18
322.69	1706.31	462.49
322.54	1703.92	465.16
322.39	1706.31	478.09
322.24	1709.9	480.37
322.09	1713.52	473.25
321.94	1714.73	473.72
321.79	1715.91	478.45
321.64	1714.72	466.85
321.49	1713.51	464.92
321.34	1709.89	471.24
321.19	1707.49	477.53
321.04	1706.3	475.26
320.89	1705.11	498.85
320.74	1707.53	505.37
320.59	1709.94	514.28
320.44	1713.55	510.25
320.29	1718.36	501.69
320.14	1720.75	512.58
319.99	1713.59	520.42
319.84	1704.17	528.25
319.69	1691.27	541.14
319.54	1679.5	566.64
319.39	1666.77	555.38
319.24	1659.9	544.04
319.09	1657.63	536.11
318.94	1657.63	539.79
318.79	1655.37	533.39
318.64	1657.61	523.94
318.49	1661.01	515.68
318.34	1664.43	489.47
318.19	1666.71	483.39
318.04	1670.11	482.48
317.89	1675.85	490.11
317.74	1687.7	504.46
317.59	1698.41	516.92
317.44	1710.26	515.89
317.29	1729.64	514.3
317.14	1729.64	512.62
316.99	1743	491.68
316.84	1747.98	505.05
316.69	1747.98	508.67
316.54	1740.77	512.75
316.39	1728.41	509.81
316.24	1716.21	520.96
316.09	1713.71	518.86
315.94	1716.18	515.5
315.79	1728.37	496.44
315.64	1738.19	476.35
315.49	1747.87	445.77
315.34	1747.87	443.93
315.19	1747.87	444.54
315.04	1738.05	459.08
314.89	1723.52	477.25
314.74	1709.2	478.36
314.59	1692.6	447.27
314.44	1676	416.46
314.29	1668.99	386.86
314.14	1668.99	393.4
313.99	1678.41	379.89
313.84	1690.09	367.49
313.69	1701.78	354.36
313.54	1711.2	387.81
313.39	1715.91	391.14
313.24	1706.49	436.12
313.09	1694.8	481.01
312.94	1683.11	524.68
312.79	1673.7	521.34
312.66	1657.77	518.92
312.54	1653.25	521.74
312.42	1651.01	476.85
312.3	1651.01	433.18
312.18	1648.77	388.9
312.04	1658.18	342.49
311.89	1674.11	305.11
311.74	1685.64	317.68
311.59	1697.17	330.42
311.44	1703.99	330.42
311.29	1696.88	378.04
311.14	1692.17	409.26
310.99	1689.8	438.99
310.84	1689.8	471.67
310.69	1696.91	524.46
310.54	1706.46	511.82
310.39	1713.57	502.98
310.26	1713.57	492.64
310.14	1711.2	483.74
310.02	1704.09	472.93
309.9	1704.09	484.55
309.78	1694.54	496.03
309.64	1692.14	488.46
309.49	1696.91	485.07
309.34	1699.28	480.6
309.19	1708.83	466.66
309.04	1718.38	445.76
308.89	1723.22	457.67
308.74	1725.66	456.57
308.59	1730.5	452.34
308.44	1728.06	458.35
308.29	1725.62	468.31
308.14	1723.18	469.67
307.99	1723.18	475.44
307.84	1723.18	487.06
307.69	1725.62	489.62
307.54	1735.58	497.58
307.39	1748.12	498.51
307.24	1753.1	496.12
307.09	1758.08	494.81
306.94	1763.06	498.47
306.79	1758.01	515.65
306.64	1752.89	515.73
306.49	1750.38	520.72
306.34	1742.96	520.63
306.19	1730.77	523.54
306.04	1721.09	510.13
305.91	1708.9	519.36
305.79	1694.58	522.19
305.67	1685.16	492.07
305.55	1685.16	489.96
305.43	1680.52	456.27
305.29	1675.88	457.89
305.14	1671.23	429.25
304.99	1673.54	433.85
304.84	1671.26	430.22
304.69	1666.75	461.99
304.54	1660.02	458.36
304.39	1653.29	490.81
304.24	1648.71	508.54
304.09	1655.62	480.38
303.94	1664.78	477.88
303.79	1676.16	472.18
303.64	1685.19	465.37
303.51	1694.48	470.15
303.39	1696.85	499.75
303.27	1701.62	501.49
303.15	1701.62	503.79
303.03	1706.39	505.68
302.89	1708.73	502.54
302.74	1706.36	459.1
302.59	1699.35	417.08
302.44	1689.93	374.95
302.29	1685.16	332.81
302.14	1678.24	295.46
301.99	1675.91	344.91
301.84	1680.55	393.95
301.69	1687.56	442.92
301.54	1689.93	487.81
301.39	1699.22	487.81
301.24	1706.33	488.39
301.11	1708.7	487.44
300.99	1708.7	486.49
300.87	1708.7	489.67
300.75	1708.7	530.49
300.63	1711.1	528.77
300.49	1706.33	524.07
300.34	1706.33	475.73
300.19	1706.33	427.68
300.04	1706.33	386.86
299.89	1706.33	338.5
299.74	1711.1	294.74
299.59	1713.5	343.17
299.44	1711.13	389.93
299.29	1706.43	431.65
299.14	1697.01	466.41
298.99	1685.32	511.04
298.84	1673.63	510.01
298.71	1666.72	513.22
298.59	1662.14	507.13
298.47	1664.44	521.02
298.35	1664.44	516.96
298.23	1669.02	469.53
298.09	1671.3	458.13
297.94	1675.87	462.18
297.79	1680.45	425.16
297.64	1682.79	415.88
297.49	1685.13	446.78
297.34	1689.77	438.7
297.19	1692.11	427.91
297.04	1694.44	449.08
296.89	1692.11	458.19
296.74	1689.77	464.27
296.59	1687.43	473.21
296.44	1689.8	481.44
296.29	1692.17	478.12
296.14	1699.28	462.33
295.99	1706.39	450.15
295.84	1715.94	440.62
295.69	1723.25	436.36
295.54	1730.57	440.16
295.39	1730.57	449.88
295.24	1728.16	460.13
295.09	1723.32	462.39
294.94	1716.01	466.5
294.79	1711.1	470.5
294.64	1711.1	459.89
294.49	1713.5	452.11
294.34	1713.5	447.53
294.19	1720.82	443.07
294.04	1723.25	442.17
293.89	1723.25	455.2
293.74	1723.25	460.43
293.59	1725.66	464.82
293.44	1720.75	467.21
293.29	1718.31	465.81
293.14	1718.31	468.36
292.99	1713.54	472.74
292.84	1704.12	474.04
292.69	1694.71	472.97
292.54	1687.6	476.19
292.39	1678.18	457.65
292.24	1662.47	456.75
292.09	1653.56	454.38
291.94	1646.83	449.81
291.79	1640	441.09
291.64	1635.49	473.63
291.49	1644.28	457.5
291.34	1650.92	457.11
291.19	1655.38	452.98
291.04	1657.62	441.88
290.89	1659.86	410.02
290.74	1653.22	416.1
290.59	1644.43	418.18
290.44	1631.41	430.47
290.29	1616.32	445.16
290.14	1601.23	436.18
289.99	1592.78	410.22
289.86	1599.33	377.63
289.74	1614.63	340.2
289.62	1631.99	307.14
289.5	1631.99	294.69
289.38	1656.36	294.69
289.24	1680.74	294.69
289.09	1685.26	294.69
288.94	1682.98	343.52
288.79	1680.71	392.17
288.64	1662.63	392.17
288.49	1640.32	392.17
288.34	1625.03	392.17
288.19	1612.01	343.33
288.04	1601.09	294.69
287.89	1612.16	294.69
287.74	1636.87	344.19
287.59	1661.58	398.22
287.44	1688.72	451
287.29	1716.24	451
287.14	1713.97	516.56
286.99	1697.82	518.62
286.84	1681.68	516.16
286.69	1660.91	515.65
286.54	1635.52	515.65
286.39	1624.6	468.62
286.24	1618.13	417.05
286.09	1613.8	365.48
285.94	1613.8	313.21
285.79	1615.95	354.93
285.64	1626.87	336.41
285.49	1637.79	336.41
285.34	1648.86	337.33
285.21	1657.77	444.38
285.09	1666.68	418.43
284.97	1664.44	446.33
284.87	1664.44	455.55
284.78	1666.72	461.88
284.67	1666.72	392.19
284.55	1666.72	404.56
284.43	1662.2	408.57
284.29	1657.68	436.32
284.14	1655.47	468.27
283.99	1648.74	433.17
283.84	1644.22	407.45
283.69	1646.47	383.39
283.54	1648.71	362.1
283.39	1653.16	333.34
283.24	1659.89	332.83
283.09	1666.72	362.71
282.94	1680.84	391.02
282.79	1692.53	414.55
282.66	1704.22	443.3
282.54	1718.55	480.71
282.42	1723.25	448.4
282.3	1723.25	412.24
282.18	1716.04	373.03
282.04	1713.64	374.31
281.89	1708.87	375.19
281.74	1699.18	417.75
281.59	1699.18	461.76
281.44	1696.85	461.76
281.29	1694.48	465.46
281.14	1696.85	425.45
280.99	1704.06	426.13
280.84	1706.46	382.12
280.69	1713.57	415.05
280.54	1718.34	405.84
280.39	1715.97	405.84
280.24	1708.76	435.84
280.09	1701.65	447.95
279.94	1696.88	427.02
279.79	1692.11	405.72
279.64	1685.19	407
279.49	1676.03	379.27
279.34	1667	413.12
279.19	1649.16	439.63
279.04	1629.23	475.07
278.89	1626.98	514.78
278.74	1629.23	511.91
278.59	1635.96	511.19
278.44	1656.16	489.24
278.29	1680.87	458.64
278.14	1694.8	440.49
277.99	1704.09	417.82
277.84	1708.73	391.69
277.69	1706.36	412.03
277.54	1699.25	438.49
277.39	1689.83	457.8
277.24	1685.13	477.75
277.09	1682.79	495.01
276.94	1682.79	494.11
276.79	1685.13	479.44
276.64	1689.77	467.68
276.49	1694.48	462.8
276.34	1699.18	468.74
276.19	1696.85	466.29
276.04	1687.69	464.18
275.89	1676.32	468.57
275.74	1662.57	462.93
275.59	1651.04	447.66
275.44	1651.04	446.82
275.29	1657.87	453.53
275.14	1666.9	446.29
274.99	1675.94	445.46
274.84	1685.1	449.06
274.69	1694.64	444.23
274.54	1709.17	441.3
274.39	1718.72	441.42
274.24	1728.27	440.61
274.09	1735.48	438.12
273.94	1728.27	441.79
273.79	1711.43	454.1
273.64	1704.22	467.43
273.49	1694.68	491.13
273.34	1687.46	514.25
273.19	1682.82	499.76
273.04	1689.83	477.55
272.89	1692.2	560
272.74	1696.91	531.58
272.59	1701.69	499.03
272.44	1711.1	503.18
272.29	1715.94	511.67
272.14	1715.94	409.79
271.99	1713.57	417.84
271.84	1704.16	436.93
271.69	1699.38	446.21
271.54	1692.17	444.98
271.39	1689.8	455.69
271.24	1701.99	454.57
271.09	1713.84	440.87
270.94	1723.53	437.65
270.79	1730.74	435.05
270.64	1733.11	430.7
270.49	1718.58	432.41
270.34	1713.74	443.43
270.19	1711.27	451.93
270.04	1711.27	460.03
269.89	1713.67	442.12
269.75	1720.78	438.42
269.6	1704.86	426.24
269.45	1684.09	418.04
269.31	1663.32	416.46
269.16	1644.99	426.75
269.01	1628.85	419.55
268.86	1631.03	418.65
268.71	1631.03	413.46
268.56	1628.88	403.15
268.41	1635.52	411.07
268.26	1642.25	422.15
268.11	1644.46	431.99
267.98	1651.1	444.99
267.86	1659.89	455.3
267.74	1659.89	468.16
267.62	1662.17	462.85
267.5	1666.81	466.37
267.36	1675.97	464.93
267.21	1685.26	461.57
267.06	1694.54	446.1
266.91	1701.55	451.18
266.76	1701.55	464.81
266.61	1701.55	480.2
266.46	1699.18	509.82
266.31	1696.81	506.62
266.16	1696.81	494.74
266.01	1701.59	464.98
265.86	1708.8	435.4
265.71	1716.01	408.23
265.56	1720.78	419.09
265.41	1713.77	424.9
265.26	1704.35	419.9
265.11	1690.23	434.8
264.96	1669.46	436.89
264.81	1651.13	438.31
264.66	1642.22	439.9
264.51	1633.31	449.5
264.36	1642.59	434.27
264.21	1658.52	420.12
264.06	1674.44	405.91
263.91	1690.37	399.88
263.76	1701.59	385.74
263.61	1696.88	399.33
263.48	1694.51	408.09
263.36	1692.14	417.1
263.24	1692.14	427.38
263.12	1689.77	456.06
263	1694.48	472.38
262.86	1696.81	471.13
262.71	1696.81	469.05
262.56	1696.81	465.2
262.41	1696.81	447.6
262.26	1692.11	425.23
262.11	1687.46	432.35
261.96	1682.82	420.72
261.81	1678.18	423.03
261.66	1671.26	432.34
261.53	1675.97	423.97
261.41	1680.61	408.66
261.29	1680.61	412.34
261.17	1687.63	401.38
261.05	1692.27	388.74
260.91	1699.18	393.26
260.76	1687.66	394.28
260.61	1680.74	395.82
260.46	1671.45	402.87
260.31	1660.08	410.99
260.16	1655.44	414.24
260.01	1657.68	427.57
259.86	1657.68	433.97
259.71	1662.26	434.57
259.56	1671.3	434.77
259.41	1671.3	436.39
259.26	1669.05	430.02
259.11	1653.96	431.47
258.96	1632.25	413.86
258.81	1610.54	399.93
258.66	1591.13	379.54
258.51	1578.28	354.63
258.36	1576.24	325.7
258.21	1574.22	321.78
258.06	1578.33	310.02
257.91	1578.33	301.76
257.76	1572.28	297.96
257.61	1566.3	387.3
257.46	1554.72	385.56
257.31	1514.62	388.04
257.16	1488.54	389.85
257.01	1466.47	393.96
256.86	1448.08	309.11
256.71	1440.82	390.96
256.56	1455.94	473.54
256.41	1466.57	538.35
256.26	1477.2	602.2
256.11	1484.29	611.21
255.96	1489.7	603.17
255.81	1489.7	594.63
255.66	1484.29	603.3
255.51	1480.66	547.37
255.36	1477.07	609.1
255.21	1477.07	606.14
255.06	1504.15	604.16
254.91	1529.13	568.97
254.76	1548.21	562.33
254.61	1565.06	566.38
254.46	1576.5	496.72
254.31	1566.28	428.04
254.16	1564.21	405.74
254.01	1568.32	418.15
253.86	1580.67	359.78
253.71	1595.18	367.41
253.56	1607.53	379.41
253.41	1613.82	374.8
253.26	1618.05	375.59
253.11	1615.92	370.85
252.96	1615.92	386.31
252.81	1620.26	398.25
252.66	1624.6	414.33
252.51	1633.39	445.88
252.36	1644.31	458.86
252.21	1653.23	451.22
252.06	1662.26	441.95
251.91	1668.99	428.63
251.76	1671.26	376.8
251.61	1678.18	340.96
251.46	1680.49	328.5
251.31	1680.49	315.48
251.16	1689.9	302.96
251.01	1696.91	308.44
250.86	1696.91	318.76
250.71	1701.62	313.14
250.56	1699.31	339.48
250.41	1680.99	369.04
250.26	1665.06	377.67
250.11	1651.5	403.83
249.96	1631.3	439.35
249.81	1618.1	427.61
249.66	1613.82	397.44
249.51	1611.67	391.06
249.36	1622.89	363.04
249.21	1638.39	332.67
249.06	1656.22	318.43
248.91	1674.06	321.42
248.76	1685.13	320.98
248.61	1682.82	440.68
248.46	1678.24	444.05
248.31	1658.31	446.46
248.16	1636.3	438.07
248.01	1621.01	423.57
247.86	1603.65	290.75
247.71	1586.51	268.23
247.56	1584.44	321.73
247.41	1588.61	399.6
247.26	1599.39	485.72
247.11	1614.48	575.85
246.96	1631.61	649.84
246.81	1648.97	641.75
246.66	1657.65	644.23
246.51	1655.44	552.24
246.36	1650.98	459.01
246.21	1642.19	402.77
246.06	1631.12	440.53
245.91	1622.44	447.44
245.76	1611.81	454.18
245.61	1603.25	546.38
245.46	1603.25	525.66
245.31	1607.59	419.79
245.16	1611.87	322.4
245.01	1620.32	326.19
244.86	1626.7	233.25
244.71	1631.03	235.51
244.56	1631.03	239.37
244.41	1631.03	257.44
244.26	1626.75	267.51
244.11	1620.37	291.54
243.96	1611.81	315.15
243.81	1581.86	344.24
243.66	1561.52	353.06
243.51	1549.33	368.46
243.36	1535.38	389.21
243.21	1529.24	407.06
243.06	1542.51	415.47
242.91	1548.34	438.56
242.76	1552.3	448.56
242.61	1568.35	410.78
242.46	1585.26	411.2
242.31	1601.95	410.99
242.16	1618.64	364.55
242.01	1607.05	330.46
241.86	1587.23	350.35
241.71	1558.74	333.72
241.56	1534.33	308.83
241.41	1508.04	359.71
241.26	1519.63	427.16
241.11	1529.22	479.46
240.96	1540.81	540.24
240.81	1558.76	563.07
240.66	1591.77	547.21
240.51	1606.46	534.05
240.36	1623.15	537.44
240.21	1637.85	546.63
240.06	1635.75	540.65
239.91	1622.56	531.82
239.76	1609.88	495.04
239.61	1595.18	434.43
239.46	1580.49	411.95
239.31	1570.39	418.53
239.16	1564.18	422.78
239.01	1566.22	434.25
238.86	1574.46	459.71
238.71	1582.69	412.22
238.56	1597.01	394.7
238.41	1607.5	384.06
238.26	1615.95	368.14
238.11	1622.41	341.88
237.96	1624.54	350.44
237.81	1622.41	357.74
237.66	1618.13	364.75
237.51	1613.85	373.13
237.36	1611.67	387.4
237.21	1620.46	390.86
237.06	1626.93	401.29
236.93	1633.39	417.55
236.81	1639.86	432.64
236.69	1639.86	444.86
236.57	1646.49	452.99
236.45	1653.41	459.59
236.31	1664.78	439.73
236.16	1664.78	424.64
236.01	1667	409.3
235.86	1664.75	391.15
235.71	1660.11	362.34
235.56	1653.2	343.84
235.41	1655.41	347.51
235.26	1655.41	349.45
235.11	1651.01	332.5
234.96	1642.1	324.14
234.83	1635.46	326.28
234.71	1635.46	303.83
234.59	1635.46	282.62
234.47	1635.46	286.82
234.35	1639.86	312.19
234.21	1639.86	340.75
234.06	1642.04	328.69
233.91	1639.83	314.99
233.76	1635.43	346.82
233.61	1624.65	363.87
233.46	1620.37	420.12
233.31	1613.91	469.6
233.16	1609.57	524.25
233.01	1603.19	527.13
232.86	1613.97	533.62
232.73	1616.09	499.55
232.61	1620.37	511.19
232.49	1620.37	518.47
232.37	1618.25	463.24
232.25	1622.47	538.67
232.11	1611.7	480.63
231.96	1603.36	425.11
231.81	1592.86	401.76
231.66	1584.63	405.55
231.51	1580.41	324.99
231.36	1584.63	372.13
231.21	1590.84	423.75
231.06	1599.18	451.49
230.91	1616.09	513.08
230.76	1618.19	523.26
230.61	1616.07	534.47
230.48	1616.07	539.62
230.36	1607.73	516.28
230.24	1607.73	490.9
230.12	1579.23	504.63
230	1557.56	517.62
229.86	1537.75	511.89
229.71	1514.25	583.73
229.56	1486.47	621.33
229.41	1464.1	618.07
229.26	1446.79	624.72
229.11	1426.02	589.27
228.96	1413.84	497.94
228.81	1417.25	449.57
228.66	1427.15	410.33
228.51	1433.83	372.52
228.36	1449.13	392.87
228.21	1459.51	441.91
228.06	1466.59	497.08
227.91	1486.69	537.52
227.76	1510.76	515.47
227.61	1531.88	494.28
227.46	1553.01	444.88
227.31	1570.29	386.34
227.16	1578.31	329.75
227.01	1582.37	327.18
226.86	1580.33	325.67
226.71	1578.28	323.7
226.56	1576.26	323.23
226.41	1574.22	326
226.26	1574.22	334.55
226.11	1576.26	344.81
225.96	1578.31	351.78
225.83	1582.37	354.59
225.71	1582.37	359.43
225.59	1582.37	354.57
225.47	1578.31	347.53
225.35	1572.25	344.62
225.21	1542.43	343.61
225.06	1517.76	334.75
224.91	1500.48	333.04
224.76	1488.9	337.57
224.61	1488.9	337.83
224.46	1514.66	350.46
224.31	1535.26	355.11
224.16	1554.59	357.72
224.01	1568.19	328.59
223.86	1572.2	389.05
223.71	1576.26	485.1
223.56	1582.4	535.91
223.41	1584.47	647.41
223.26	1590.68	677.84
223.11	1601.18	592.18
222.96	1616.27	460
222.81	1624.83	490.17
222.66	1635.6	357.65
222.51	1642.07	344.46
222.36	1637.79	362.35
222.21	1628.99	358.65
222.06	1620.43	272.48
221.91	1607.59	267.31
221.76	1590.9	285.38
221.61	1582.66	289.17
221.46	1574.32	315.51
221.31	1570.21	306.36
221.16	1572.98	322.69
221.01	1580.41	424.61
220.86	1588.64	532.36
220.71	1596.27	646.23
220.56	1603.89	697.34
220.41	1608.14	738.13
220.26	1612.34	650.26
220.11	1605.46	570.75
219.96	1599.87	463.95
219.81	1592.93	451.2
219.66	1588.68	433.9
219.51	1584.48	448.5
219.36	1588.57	431.46
219.21	1584.51	441.15
219.06	1581.81	418.97
218.91	1565.89	410.63
218.76	1551.37	379.08
218.61	1536.84	370.89
218.46	1531.58	350.38
218.31	1534.28	345.37
218.16	1543.37	335.38
218.01	1552.45	326.34
217.86	1558.89	324.74
217.71	1564.15	328.37
217.56	1561.45	328.84
217.41	1562.79	329.41
217.26	1564.14	327.65
217.11	1564.14	326.01
216.96	1562.81	326.74
216.81	1556.26	327.21
216.66	1550.96	328.49
216.51	1549.62	329.89
216.36	1550.94	331.17
216.21	1550.94	332.3
216.06	1561.54	331.24
215.91	1564.17	329.96
215.76	1558.92	327.77
215.61	1554.99	325.03
215.46	1554.99	321.09
215.31	1550.92	320.17
215.16	1550.92	320.29
215.01	1554.85	328.74
214.86	1558.78	387.94
214.71	1561.45	389.2
214.56	1561.45	435.57
214.41	1562.78	440.37
214.26	1564.11	437.89
214.11	1564.11	383
213.96	1562.77	380.09
213.81	1568.21	384.98
213.66	1573.65	382.92
213.51	1574.99	378.2
213.36	1568.5	376.03
213.21	1554.46	377.9
213.06	1611.58	325.22
212.91	1588.49	322.48
212.76	1565.96	322.36
212.61	1557.31	322.48
212.48	1549.01	323.28
212.36	1483.8	324.83
212.24	1483.8	325.17
212.12	1500.13	325.17
212	1513.49	323.91
211.86	1552.3	322.54
211.71	1550.99	321.98
211.56	1547.06	321.41
211.41	1552.23	320.95
211.26	1548.27	321.17
211.11	1545.62	321.85
210.96	1546.93	320.65
210.81	1550.86	319.64
210.66	1553.51	319.42
210.51	1553.51	318.63
210.36	1553.51	318.52
210.21	1552.2	320.96
210.06	1549.57	321.52
209.91	1541.75	320.96
209.76	1540.45	321.4
209.61	1539.14	322.8
209.46	1534.02	323.85
209.31	1530.16	324.42
209.16	1531.43	328.81
209.01	1534.04	329.49
208.86	1532.74	328.44
208.71	1537.87	326.48
208.56	1544.36	332.61
208.41	1546.94	333.12
208.26	1546.94	350.03
208.11	1549.55	364.99
207.96	1550.86	381.69
207.81	1550.86	390.46
207.66	1547	389.95
207.51	1543.11	376.79
207.36	1541.8	365.09
207.21	1539.19	367.47
207.06	1541.86	397.49
206.91	1555.12	438.59
206.76	1567.11	478.65
206.61	1575.13	493.24
206.46	1583.09	493.62
206.31	1583.09	477.65
206.16	1578.99	438.51
206.01	1574.89	399.35
205.86	1569.5	386.31
205.71	1566.8	376.69
205.56	1564.13	356.43
205.41	1556.24	361.94
205.26	1552.25	372.4
205.11	1550.93	370.85
204.96	1549.6	364.69
204.81	1553.62	355.78
204.66	1558.84	388.12
204.51	1564.19	406.33
204.36	1546.82	429.35
204.21	1531.68	439.44
204.06	1516.16	437.89
203.91	1509.67	394.48
203.76	1504.33	361.83
203.61	1523.02	335.79
203.46	1539.48	335.63
203.31	1550.97	338.81
203.16	1557.46	346.73
203.01	1557.46	351.91
202.86	1558.79	357.42
202.71	1558.79	343.15
202.56	1556.16	352.55
202.41	1549.67	347.6
202.26	1543.23	343.61
202.11	1532.89	336.41
201.96	1518.85	344.19
201.81	1516.27	332.37
201.66	1515	328.72
201.51	1522.76	325.82
201.36	1531.77	353.54
201.21	1540.55	354.67
201.06	1545.77	362.92
200.91	1556.2	366.32
200.76	1557.53	369.11
200.61	1558.86	342.73
200.46	1565.46	335.99
200.31	1565.46	331.11
200.16	1565.46	329.78
200.01	1565.46	346.04
199.86	1566.8	362.71
199.71	1568.16	379
199.56	1569.49	387.74
199.41	1569.49	394.7
199.26	1566.84	388.79
199.11	1562.84	379.93
198.96	1556.18	395.39
198.81	1552.22	396.34
198.66	1545.62	401.31
198.51	1541.73	393.21
198.36	1540.42	388.39
198.21	1543.05	355.49
198.06	1548.35	347.04
197.91	1549.65	374.65
197.76	1558.89	377.47
197.61	1569.68	382.15
197.46	1569.68	396.59
197.31	1571.04	407.88
197.16	1587.51	380.27
197.01	1590.25	373.66
196.86	1584.77	370.78
196.71	1588.79	358.81
196.56	1580.84	344.95
196.41	1563.07	364.68
196.26	1557.63	362.88
196.11	1557.63	356.64
195.96	1549.67	353.94
195.81	1553.6	352
195.66	1561.55	320.7
195.51	1547.51	323.92
195.36	1542.21	326.53
195.21	1544.81	329.11
195.06	1534.56	324.09
194.91	1524.04	318.08
194.76	1530.26	316.78
194.61	1525.14	315.62
194.46	1525.14	313.5
194.31	1534.07	318.85
194.16	1539.24	342.3
194.01	1545.73	347.7
193.86	1554.82	353.56
193.71	1560.17	354.84
193.56	1558.86	389.93
193.41	1558.86	376.15
193.26	1561.53	372.18
193.11	1561.53	367.61
192.96	1554.87	367.84
192.81	1557.5	337.97
192.66	1548.57	341.93
192.51	1539.4	344.84
192.36	1529.06	364.21
192.21	1530.37	371.81
192.06	1527.74	375.4
191.91	1534.07	368.74
191.76	1535.35	366.33
191.61	1539.14	349.42
191.46	1541.79	344.17
191.31	1545.75	334.8
191.16	1549.68	396.4
191.01	1560.29	391.93
190.86	1569.53	386.84
190.71	1568.2	382.97
190.56	1565.55	385.37
190.41	1559.06	321.05
190.26	1552.35	380.48
190.11	1541.83	381.82
189.96	1543.16	382.4
189.81	1544.48	381.35
189.66	1553.64	381.81
189.51	1552.33	324.82
189.36	1549.81	324.59
189.21	1538.23	324.13
189.06	1531.74	326.14
188.91	1523.85	327.08
188.76	1518.72	327.66
188.61	1527.73	329.89
188.46	1539.32	329.55
188.31	1547.14	326.85
188.16	1544.6	327.94
188.01	1544.6	327.7
187.86	1536.84	325.59
187.71	1526.5	327.1
187.56	1521.24	326.76
187.41	1526.37	323.94
187.26	1532.81	324.06
187.11	1541.89	327.92
186.96	1546.97	327.33
186.81	1552.23	328.93
186.66	1556.19	329.5
186.51	1554.88	328.57
186.36	1554.88	324.82
186.21	1557.49	320.98
186.06	1556.16	395.74
185.91	1553.51	394.28
185.76	1554.82	391.34
185.63	1552.17	392.63
185.51	1554.82	398.27
185.39	1554.82	324.95
185.27	1550.89	331.34
185.15	1548.28	335.91
185.01	1541.8	341.73
184.86	1539.15	345.64
184.71	1537.87	347.4
184.56	1537.87	342.24
184.41	1536.57	341.29
184.26	1540.43	334.31
184.11	1537.82	328.48
183.96	1540.41	328.35
183.81	1544.33	330.71
183.66	1548.26	329.01
183.51	1549.57	329.59
183.36	1553.5	328.79
183.21	1557.46	324.12
183.06	1557.46	320.1
182.91	1557.46	322.5
182.76	1558.78	323.57
182.61	1560.11	325.32
182.46	1558.78	326.8
182.31	1558.78	333.36
182.16	1558.78	390.23
182.01	1553.57	451.78
181.86	1549.61	436.22
181.71	1546.98	505.92
181.56	1545.66	500.91
181.41	1548.33	444.75
181.26	1554.87	380.43
181.11	1560.18	394.13
180.96	1562.81	321.11
180.81	1560.2	318.19
180.66	1556.21	311.62
180.51	1553.56	307.1
180.36	1552.21	302
180.21	1547	301.47
180.06	1550.93	301.27
179.91	1552.25	302.17
179.76	1553.57	305.93
179.61	1553.57	369.52
179.46	1557.46	430.83
179.31	1556.14	490.32
179.16	1554.82	554.66
179.01	1550.89	620.19
178.86	1546.93	622.29
178.71	1548.25	563.01
178.56	1545.64	507.11
178.41	1544.33	521.47
178.26	1544.33	460.82
178.11	1541.75	404.32
177.96	1539.12	401.68
177.81	1540.42	470.85
177.66	1539.12	469.27
177.51	1540.42	462.29
177.36	1545.63	453.97
177.21	1546.94	452.98
177.06	1548.25	385.58
176.91	1550.86	311.9
176.76	1553.49	314.98
176.61	1556.16	318.2
176.46	1560.16	417.43
176.31	1562.81	411.56
176.16	1565.46	425.66
176.01	1568.13	477.61
175.86	1565.46	533.12
175.71	1562.78	476.51
175.56	1561.45	537.72
175.41	1564.15	575.37
175.26	1565.51	588.42
175.11	1572.28	608.75
174.96	1570.96	614.51
174.81	1570.96	600.8
174.66	1565.61	597.92
174.51	1556.37	552.23
174.36	1546.97	487
174.23	1546.97	442.59
174.12	1543.04	397.3
174	1543.04	346.77
173.88	1543.04	326.58
173.76	1548.25	314.16
173.62	1550.88	311.59
173.46	1556.14	311.16
173.31	1556.14	311.48
173.16	1556.14	314.55
173.01	1556.14	312.26
172.86	1554.83	309.8
172.71	1550.87	310.45
172.56	1554.86	313.05
172.41	1556.19	312.11
172.26	1560.22	318.25
172.13	1566.88	324.3
172.01	1572.18	326.21
171.91	1572.18	324.37
171.82	1566.88	322.9
171.73	1566.88	320.32
171.62	1565.53	325.28
171.5	1561.5	328.31
171.36	1562.85	329.79
171.21	1565.55	327.65
171.06	1566.9	325.77
170.91	1564.27	316.32
170.76	1564.27	309.27
170.61	1557.62	307.34
170.46	1553.59	308.5
170.31	1552.23	312.61
170.16	1552.23	323.98
170.01	1554.86	331.67
169.86	1554.86	448.54
169.71	1553.54	444.43
169.56	1552.2	437.98
169.41	1556.16	421.17
169.26	1556.16	414.4
169.11	1561.46	295.62
168.96	1568.18	302.42
168.81	1569.52	308.07
168.66	1572.22	317.1
168.51	1574.89	306.54
168.36	1572.22	297.77
168.21	1569.5	365.02
168.06	1564.2	438.4
167.91	1557.54	516.83
167.76	1550.94	607.77
167.61	1550.94	610.91
167.46	1545.63	539.3
167.31	1549.59	464.27
167.16	1552.22	384.21
167.01	1556.15	296.5
166.86	1556.15	355
166.71	1561.45	416.82
166.56	1558.8	480.9
166.41	1557.48	550.2
166.26	1556.16	617.9
166.11	1554.84	626.76
165.96	1553.5	623.94
165.81	1554.82	620.94
165.66	1554.82	636.87
165.51	1557.47	616.13
165.36	1560.12	604.82
165.21	1560.12	595.73
165.06	1557.49	538.51
164.91	1557.49	506.38
164.76	1554.84	498.32
164.61	1552.19	474.17
164.46	1549.54	451.88
164.31	1550.85	468.64
164.16	1550.85	482.96
164.01	1553.5	510.95
163.86	1552.19	546
163.71	1550.88	580.61
163.56	1549.57	619.84
163.41	1548.26	612.05
163.26	1545.61	598.11
163.11	1550.91	584.87
162.96	1550.91	588.28
162.81	1547.05	590.79
162.66	1548.36	594.56
162.51	1549.68	617.63
162.36	1547.01	576.08
162.21	1547.01	510.84
162.06	1554.83	507.93
161.91	1554.83	504.15
161.76	1552.2	434.24
161.61	1549.57	482.77
161.46	1548.27	543.36
161.31	1546.94	537.18
161.16	1548.26	521.89
161.01	1550.89	601.32
160.86	1552.2	606.76
160.71	1556.13	606.35
160.56	1556.13	537.1
160.41	1556.13	588.83
160.26	1557.46	525.49
160.11	1556.15	509.58
159.96	1552.22	460.46
159.81	1550.9	463.09
159.66	1545.69	354.04
159.51	1540.43	383.54
159.36	1543.06	337.75
159.21	1548.32	331.7
159.06	1550.97	462.8
158.91	1560.21	473.91
158.76	1562.82	427.22
158.61	1561.5	426.82
158.46	1557.54	470.64
158.31	1552.28	358.25
158.16	1549.58	366.16
158.01	1552.23	486.75
157.86	1554.88	479.51
157.71	1560.19	498.15
157.56	1564.11	558.66
157.41	1564.11	617.78
157.26	1564.11	523.6
157.11	1564.11	566.5
156.96	1562.77	536.81
156.81	1566.8	514.48
156.66	1564.15	498.2
156.51	1560.19	474.86
156.36	1556.23	444.31
156.21	1552.27	409.56
156.06	1545.61	407.74
155.91	1546.93	386.65
155.76	1546.93	446.27
155.61	1544.35	488.91
155.46	1545.66	546.48
155.31	1545.66	519.91
155.16	1544.34	489.08
155.01	1545.65	424.31
154.86	1552.19	439.9
154.71	1550.88	429.14
154.56	1548.3	485.5
154.41	1548.3	474.66
154.26	1546.99	472.48
154.11	1548.33	408.76
153.96	1550.96	354.34
153.81	1556.17	274.74
153.66	1557.49	283.81
153.53	1561.45	282.34
153.41	1557.46	283.22
153.29	1557.46	282.18
153.17	1558.79	291.48
153.05	1558.79	300.48
152.91	1560.12	309.28
152.76	1560.12	315.91
152.61	1558.79	325.59
152.46	1558.79	319.65
152.31	1554.83	390.18
152.16	1549.57	483.15
152.01	1548.26	584.78
151.86	1549.59	576.49
151.71	1549.59	574.81
151.56	1550.9	493.95
151.43	1554.83	394
151.31	1556.14	282.26
151.19	1556.14	281.12
151.07	1553.49	276.1
150.95	1553.49	273.94
150.81	1557.48	272.21
150.66	1558.8	269.59
150.51	1560.12	352.18
150.36	1557.49	432.72
150.21	1560.17	523.32
150.06	1558.82	609.49
149.91	1560.15	601.57
149.76	1557.52	508.97
149.61	1558.83	521.98
149.46	1556.16	519.73
149.31	1553.51	522.47
149.16	1550.86	576.08
149.01	1554.82	638.65
148.86	1558.81	604.9
148.71	1561.49	558.04
148.56	1564.14	508.68
148.41	1562.83	516.97
148.26	1558.87	538.61
148.11	1552.27	529.09
147.96	1548.27	531.39
147.81	1545.62	494.7
147.66	1549.58	506.42
147.51	1549.58	427.57
147.36	1554.84	461.24
147.21	1552.23	499.95
147.06	1550.92	562.63
146.91	1548.27	576.21
146.76	1546.97	654.59
146.61	1543.01	583.08
146.46	1546.94	583.59
146.31	1544.36	529.69
146.16	1540.46	457.42
146.01	1544.39	389.15
145.86	1548.35	469.7
145.71	1544.42	394.76