HOLE:	995B
LEG:	164
TOP:	147.3704
BOTTOM:	662.4824
DEPTH_WMSF	C1	C2
m	in	in
147.3704	4.5260	4.3567
147.5228	4.5299	4.4193
147.6752	4.5660	4.4193
147.8276	4.5708	4.4267
147.9800	4.6094	4.4573
148.1324	4.6590	4.5257
148.2848	5.1044	4.9030
148.4372	5.7926	5.5529
148.5896	6.3456	6.0954
148.7420	6.8815	6.5982
148.8944	7.4625	7.1417
149.0468	8.0814	7.7102
149.1992	8.7444	8.3520
149.3516	9.3278	8.9306
149.5040	10.0289	9.5757
149.6564	10.4809	10.0012
149.8088	11.2060	10.6843
149.9612	11.5994	11.0764
150.1136	12.0778	11.5525
150.2660	12.4253	11.8703
150.4184	12.2599	12.6529
150.5708	13.3012	13.5020
150.7232	13.2387	14.2593
150.8756	12.5525	13.7983
151.0280	12.3910	14.1478
151.1804	12.6172	13.9432
151.3328	12.3358	13.6199
151.4852	12.2951	13.5805
151.6376	12.7653	14.7615
151.7900	12.4621	13.4952
151.9424	13.0408	14.2420
152.0948	13.0596	14.2435
152.2472	12.9752	14.1698
152.3996	12.8933	13.8815
152.5520	13.1848	13.9809
152.7044	13.2388	13.9864
152.8568	13.0309	13.9319
153.0092	13.3292	13.9437
153.1616	13.0368	14.2334
153.3140	12.4632	13.7424
153.4664	12.4906	13.7835
153.6188	12.4925	13.7851
153.7712	12.4867	13.7612
153.9236	12.4684	13.7447
154.0760	12.5615	13.8291
154.2284	11.7659	13.2955
154.3808	11.7753	13.2573
154.5332	11.8499	13.2541
154.6856	11.8806	13.2404
154.8380	11.8543	13.2860
154.9904	11.8185	13.2539
155.1428	11.9229	13.2871
155.2952	12.6157	13.6672
155.4476	12.2769	13.6855
155.6000	11.9575	13.5567
155.7524	11.9802	13.5625
155.9048	11.9616	13.5549
156.0572	12.0120	13.6475
156.2096	12.0908	13.8149
156.3620	11.9743	13.5559
156.5144	11.9755	13.5275
156.6668	11.9883	13.4929
156.8192	12.0997	13.4864
156.9716	12.1604	13.4793
157.1240	12.1963	13.5165
157.2764	12.2505	13.5837
157.4288	12.3845	13.5332
157.5812	12.3027	13.7383
157.7336	12.2603	14.7305
157.8860	12.3652	13.8516
158.0384	13.2734	14.5012
158.1908	13.5985	14.6294
158.3432	12.9531	14.3926
158.4956	11.7754	13.6169
158.6480	12.1963	13.9404
158.8004	12.5869	14.5061
158.9528	12.3667	13.9961
159.1052	12.2448	13.1479
159.2576	12.2746	13.3472
159.4100	12.2850	13.5261
159.5624	12.2468	13.3906
159.7148	12.2008	13.1437
159.8672	12.4727	13.6641
160.0196	12.3789	13.5938
160.1720	11.8048	12.6335
160.3244	11.7948	12.6328
160.4768	11.8009	12.6416
160.6292	11.8250	12.6460
160.7816	11.8492	12.6980
160.9340	11.8135	12.7146
161.0864	11.7819	12.6584
161.2388	11.7812	12.6326
161.3912	11.7369	12.7642
161.5436	12.5684	12.8098
161.6960	13.5830	13.0449
161.8484	13.8365	13.3547
162.0008	13.8279	13.3958
162.1532	14.2559	13.0752
162.3056	13.2031	12.8706
162.4580	12.8643	13.0093
162.6104	14.4336	14.1758
162.7628	15.2241	14.8524
162.9152	14.5527	14.8412
163.0676	13.5859	13.8672
163.2200	12.2793	13.8887
163.3724	11.8518	13.6582
163.5248	11.9020	13.4888
163.6772	11.9006	13.5097
163.8296	12.1968	13.8994
163.9820	11.9092	13.4639
164.1344	11.8716	13.2536
164.2868	12.1748	13.7217
164.4392	12.2148	13.8170
164.5916	12.1992	13.7861
164.7440	12.2078	13.7897
164.8964	12.2038	13.7955
165.0488	13.0801	14.1670
165.2012	12.1992	13.7314
165.3536	11.7490	13.6530
165.5060	11.8135	13.7261
165.6584	11.9263	13.7458
165.8108	11.8037	13.5210
165.9632	11.8608	13.4932
166.1156	13.6563	14.3203
166.2680	12.3867	13.6875
166.4204	12.2248	13.6707
166.5728	12.2667	13.8582
166.7252	11.9189	13.5107
166.8776	11.9691	13.5011
167.0300	12.1255	13.6057
167.1824	12.0542	13.5010
167.3348	12.4805	13.4611
167.4872	12.2100	14.2100
167.6396	13.3635	14.4553
167.7920	13.5801	13.9189
167.9444	12.8408	13.8484
168.0968	12.3350	14.5615
168.2492	11.8203	13.2363
168.4016	11.8848	13.5205
168.5540	12.2715	13.0615
168.7064	12.4333	12.9531
168.8588	12.5442	12.9304
169.0112	12.5975	12.9028
169.1636	12.6130	12.9103
169.3160	13.5996	13.2764
169.4684	13.0664	12.7637
169.6208	13.7227	12.8398
169.7732	14.3633	13.3291
169.9256	13.4219	13.2437
170.0780	12.5781	13.1189
170.2304	12.3503	13.1033
170.3828	12.3340	13.1064
170.5352	12.6035	13.3604
170.6876	12.3818	13.3633
170.8400	12.2749	13.4746
170.9924	12.5276	13.8496
171.1448	12.8086	14.1968
171.2972	12.7324	13.9609
171.4496	12.3788	13.4220
171.6020	12.5742	13.5967
171.7544	12.4824	13.6514
171.9068	11.9777	13.3484
172.0592	12.0175	13.4135
172.2116	12.0196	13.4287
172.3640	12.0522	13.4210
172.5164	12.1462	13.3962
172.6688	12.2300	13.4343
172.8212	12.2344	13.5164
172.9736	11.8298	13.3811
173.1260	11.7824	13.3047
173.2784	11.8672	13.4941
173.4308	12.0269	13.1033
173.5832	11.7941	13.0475
173.7356	11.8239	13.0917
173.8880	11.8555	13.1748
174.0404	11.9609	13.5303
174.1928	13.1001	14.2529
174.3452	12.9863	13.4663
174.4976	13.2432	13.6976
174.6500	11.9445	13.5191
174.8024	12.0859	13.5399
174.9548	12.3062	13.8320
175.1072	11.9355	13.9141
175.2596	11.8923	13.8557
175.4120	12.3708	14.1807
175.5644	12.3159	13.6395
175.7168	12.8711	13.6240
175.8692	13.5800	13.6751
176.0216	13.5943	13.6677
176.1740	11.8952	13.6066
176.3264	12.7097	13.6271
176.4788	12.6705	13.8726
176.6312	12.8715	14.1293
176.7836	14.9150	12.7227
176.9360	15.4058	14.3867
177.0884	15.7940	15.2677
177.2408	15.7945	15.2673
177.3932	13.3594	13.9063
177.5456	12.0025	13.8129
177.6980	12.0191	13.2451
177.8504	12.0212	13.2139
178.0028	12.0173	13.2221
178.1552	12.0051	13.2159
178.3076	11.9984	13.2100
178.4600	12.0143	13.2202
178.6124	12.6133	13.2596
178.7648	14.3203	13.2803
178.9172	12.0584	13.0510
179.0696	12.1780	13.0586
179.2220	12.2001	13.0529
179.3744	12.2344	13.0306
179.5268	12.8359	13.3359
179.6792	12.6621	13.4585
179.8316	12.1992	13.5254
179.9840	13.2969	14.2676
180.1364	14.7396	15.2484
180.2888	14.6964	15.2430
180.4412	14.6945	15.2440
180.5936	14.6375	15.2249
180.7460	15.3633	15.2466
180.8984	15.3984	15.1455
181.0508	15.3994	15.0516
181.2032	15.7457	15.0378
181.3556	15.7604	15.0693
181.5080	15.7564	15.2605
181.6604	15.7617	15.2516
181.8128	15.6460	15.1506
181.9652	15.0938	14.2793
182.1176	15.1855	14.2734
182.2700	15.3799	14.2085
182.4224	15.5693	14.0614
182.5748	15.4785	14.0678
182.7272	14.3203	14.0913
182.8796	12.0677	14.1506
183.0320	12.1419	14.2185
183.1844	12.4731	14.7070
183.3368	12.7070	13.9844
183.4892	14.1934	14.9473
183.6416	12.9785	13.7432
183.7940	13.7432	14.3105
183.9464	13.9409	14.4216
184.0988	14.0708	14.4860
184.2512	13.5508	14.3472
184.4036	12.3965	14.1430
184.5560	12.6353	14.1754
184.7084	13.2168	14.3994
184.8608	13.9092	14.6529
185.0132	13.9731	14.6473
185.1656	14.3174	14.7778
185.3180	13.3516	14.2598
185.4704	12.4154	13.8176
185.6228	12.3770	13.7607
185.7752	12.5078	13.8384
185.9276	13.1758	13.9761
186.0800	12.7129	13.5430
186.2324	12.3779	13.3611
186.3848	12.5732	13.3795
186.5372	12.6278	13.4567
186.6896	13.0332	14.7246
186.8420	14.2070	14.9841
186.9944	14.2568	15.2158
187.1468	14.2864	15.2479
187.2992	14.2363	15.2305
187.4516	13.1367	14.6045
187.6040	14.4375	15.0605
187.7564	13.3398	14.5757
187.9088	14.8932	14.7831
188.0612	14.5723	14.7280
188.2136	13.8203	14.5577
188.3660	14.3047	14.7676
188.5184	14.7490	14.7344
188.6708	14.7178	14.0938
188.8232	15.4336	14.9316
188.9756	14.6914	15.2580
189.1280	13.2773	15.2506
189.2804	13.2891	15.2390
189.4328	14.2305	15.2189
189.5852	15.3369	15.2326
189.7376	15.5115	15.2427
189.8900	15.3691	15.2479
190.0424	15.4531	15.2485
190.1948	15.5072	15.2476
190.3472	15.6174	15.2479
190.4996	15.7510	15.2591
190.6520	15.7732	15.2499
190.8044	15.7777	15.2601
190.9568	15.7782	15.2617
191.1092	15.7898	15.2675
191.2616	15.7827	15.2715
191.4140	15.2813	15.1952
191.5664	15.7471	15.2482
191.7188	15.7665	15.2516
191.8712	15.7807	15.2692
192.0236	15.7808	15.2673
192.1760	15.7762	15.2552
192.3284	15.7752	15.2498
192.4808	15.7689	15.2473
192.6332	15.7825	15.2531
192.7856	15.2471	15.1082
192.9380	15.4199	15.1768
193.0904	15.7090	15.2489
193.2428	15.7678	15.2577
193.3952	15.7657	15.2562
193.5476	15.4170	14.8916
193.7000	14.9624	14.5587
193.8524	14.8669	14.3789
194.0048	14.5977	14.7305
194.1572	13.8281	15.0342
194.3096	13.3539	14.7384
194.4620	13.3859	14.7073
194.6144	13.3938	14.7206
194.7668	13.2739	14.6396
194.9192	13.1963	14.4076
195.0716	14.0918	14.5898
195.2240	15.3269	15.2310
195.3764	15.4421	15.2527
195.5288	15.3027	15.2036
195.6812	14.6743	15.0137
195.8336	14.4395	15.0801
195.9860	14.1582	14.2109
196.1384	14.9683	15.1152
196.2908	15.1860	15.2294
196.4432	14.9175	15.2246
196.5956	14.5786	14.5527
196.7480	13.8916	14.0010
196.9004	14.4023	14.5420
197.0528	15.3906	15.1689
197.2052	15.0586	14.7666
197.3576	13.6309	15.1670
197.5100	14.0313	15.2505
197.6624	15.4121	15.2569
197.8148	15.7554	15.2582
197.9672	15.7481	15.2650
198.1196	13.5430	15.2026
198.2720	12.9004	14.9053
198.4244	13.6016	15.0654
198.5768	14.9844	15.2473
198.7292	15.5815	15.2565
198.8816	14.6289	15.2545
199.0340	13.7803	15.2431
199.1864	13.5195	15.2341
199.3388	13.3707	15.2341
199.4912	13.5259	15.1279
199.6436	13.2598	14.8408
199.7960	12.9199	14.7236
199.9484	13.1895	14.8713
200.1008	12.8203	14.9111
200.2532	13.2900	15.1074
200.4056	13.5049	15.1350
200.5580	12.9395	14.9614
200.7104	12.5796	14.8086
200.8628	12.6914	14.6094
201.0152	13.9102	14.9521
201.1676	14.4648	14.4678
201.3200	15.5078	15.1055
201.4724	15.5625	15.0798
201.6248	15.7935	15.2635
201.7772	15.7790	15.2491
201.9296	15.7939	15.2714
202.0820	15.7582	14.9932
202.2344	15.7558	14.9224
202.3868	15.7617	14.9189
202.5392	15.7751	15.2588
202.6916	13.7227	14.4023
202.8440	14.3770	14.5022
202.9964	14.7222	15.1699
203.1488	14.3462	14.8364
203.3012	14.3301	14.9170
203.4536	14.4465	15.0099
203.6060	14.5081	15.2251
203.7584	15.2871	15.2520
203.9108	14.9785	15.2162
204.0632	12.7930	15.0825
204.2156	14.5430	15.1956
204.3680	15.3379	15.2231
204.5204	15.7402	15.2501
204.6728	15.7864	15.2551
204.8252	15.7845	15.2519
204.9776	15.7786	15.2470
205.1300	15.7838	15.2513
205.2824	15.7822	15.2471
205.4348	14.9727	15.2558
205.5872	15.1870	14.6631
205.7396	12.7500	14.2387
205.8920	13.1475	13.8379
206.0444	13.2143	13.9161
206.1968	13.6660	14.6347
206.3492	13.2129	14.3360
206.5016	13.6144	15.1426
206.6540	14.9571	15.2398
206.8064	15.5001	15.2505
206.9588	13.4141	15.1603
207.1112	13.3120	15.1580
207.2636	13.4817	15.1547
207.4160	15.4961	15.2424
207.5684	15.5719	14.7666
207.7208	12.9492	15.0010
207.8732	12.6390	14.9656
208.0256	12.6457	14.7961
208.1780	12.6349	14.6387
208.3304	12.6492	14.5473
208.4828	15.1444	15.1552
208.6352	14.2793	14.8184
208.7876	14.6652	15.1426
208.9400	15.5899	15.2519
209.0924	15.6535	15.2569
209.2448	15.5200	15.2375
209.3972	13.3164	14.4472
209.5496	12.9120	14.0557
209.7020	13.3956	14.1021
209.8544	13.9756	14.2554
210.0068	14.1306	14.3768
210.1592	15.1661	15.1055
210.3116	15.6841	15.2535
210.4640	15.7632	15.2397
210.6164	15.7797	15.2590
210.7688	15.7858	15.2609
210.9212	15.6254	15.0640
211.0736	14.8261	15.2022
211.2260	14.5991	15.2507
211.3784	14.5767	15.2556
211.5308	15.5391	15.2586
211.6832	15.7652	15.2214
211.8356	15.7585	15.2374
211.9880	15.7727	15.2500
212.1404	15.7826	15.2516
212.2928	15.7842	15.2575
212.4452	15.7801	15.2658
212.5976	15.7848	15.2590
212.7500	15.7847	15.2527
212.9024	15.7842	15.2516
213.0548	15.7888	15.2554
213.2072	15.7828	15.2613
213.3596	15.7788	15.2563
213.5120	15.7737	15.2505
213.6644	15.7858	15.2547
213.8168	15.7812	15.2492
213.9692	15.7827	15.2532
214.1216	15.7887	15.2618
214.2740	15.7902	15.2640
214.4264	15.7902	15.2640
214.5788	15.7957	15.2667
214.7312	15.7950	15.2650
214.8836	15.7912	15.2640
215.0360	15.7859	15.2604
215.1884	15.7842	15.2591
215.3408	15.7869	15.2591
215.4932	15.7852	15.2564
215.6456	15.1231	15.0176
215.7980	15.1524	15.1328
215.9504	15.2887	15.2420
216.1028	15.6396	15.2577
216.2552	14.8535	15.2586
216.4076	14.5789	15.2553
216.5600	14.6153	15.2610
216.7124	14.5458	15.2632
216.8648	14.5848	15.2636
217.0172	15.1065	15.2607
217.1696	15.6445	15.2574
217.3220	15.5166	15.2575
217.4744	15.3276	15.2587
217.6268	15.3241	15.2624
217.7792	15.6358	15.2607
217.9316	15.7842	15.2541
218.0840	15.7803	15.2533
218.2364	15.7718	15.2559
218.3888	15.7749	15.2600
218.5412	15.7861	15.2681
218.6936	15.7786	15.2571
218.8460	15.7838	15.2563
218.9984	15.3848	14.4492
219.1508	15.4307	14.4122
219.3032	15.6970	15.0166
219.4556	15.7617	15.2292
219.6080	15.7797	15.2510
219.7604	15.7804	15.2555
219.9128	15.7796	15.2635
220.0652	15.7813	15.2661
220.2176	15.7828	15.2651
220.3700	15.7819	15.2666
220.5224	15.7864	15.2695
220.6748	15.7829	15.2655
220.8272	15.7819	15.2646
220.9796	15.7662	15.2643
221.1320	15.7565	15.2606
221.2844	15.7683	15.2598
221.4368	15.7806	15.2551
221.5892	15.7829	15.2531
221.7416	15.7811	14.8809
221.8940	15.7792	14.9921
222.0464	15.6005	14.1483
222.1988	14.9921	13.2114
222.3512	14.5554	13.1172
222.5036	14.4612	13.1909
222.6560	14.4111	13.1592
222.8084	14.4544	13.2223
222.9608	14.5750	14.4024
223.1132	14.7857	15.2536
223.2656	15.1660	15.2570
223.4180	15.1576	14.7752
223.5704	14.4785	13.5351
223.7228	14.3008	12.7307
223.8752	14.4977	12.5684
224.0276	14.5652	12.5818
224.1800	14.6085	12.5923
224.3324	14.7034	12.5348
224.4848	14.6846	12.7715
224.6372	14.5463	13.2334
224.7896	14.5198	13.4493
224.9420	14.4991	13.7090
225.0944	14.4901	13.5351
225.2468	14.6583	13.3536
225.3992	15.3067	14.4181
225.5516	15.6269	15.2536
225.7040	15.3213	15.2604
225.8564	15.4258	15.2647
226.0088	15.7354	15.2714
226.1612	15.7902	15.2733
226.3136	15.7828	15.2660
226.4660	15.3242	15.2621
226.6184	15.0410	15.2652
226.7708	15.2265	15.2606
226.9232	15.2066	15.2529
227.0756	15.4639	15.1550
227.2280	15.7676	14.7930
227.3804	15.7757	14.8604
227.5328	15.7677	15.2640
227.6852	15.7781	15.2657
227.8376	15.7902	15.2694
227.9900	15.7885	15.2511
228.1424	15.7882	15.2435
228.2948	15.7902	15.2657
228.4472	15.7902	15.2694
228.5996	15.7876	15.2676
228.7520	15.7763	15.2547
228.9044	15.7741	15.2508
229.0568	15.7842	15.2558
229.2092	15.7842	15.2516
229.3616	15.7868	15.2601
229.5140	15.7836	15.2673
229.6664	15.7691	15.2621
229.8188	15.7687	15.2623
229.9712	15.7615	15.2626
230.1236	15.7569	15.2604
230.2760	15.7818	15.2518
230.4284	15.7807	15.2502
230.5808	15.7842	15.2554
230.7332	15.3847	15.2579
230.8856	14.6909	15.2596
231.0380	14.5557	15.2545
231.1904	14.3701	14.4530
231.3428	14.1558	13.2400
231.4952	14.7638	13.3628
231.6476	15.6184	13.5125
231.8000	15.7450	13.6008
231.9524	15.7490	13.6070
232.1048	15.7594	14.1485
232.2572	15.3730	14.7920
232.4096	14.9590	14.4981
232.5620	15.1992	14.8238
232.7144	14.7392	15.1228
232.8668	14.5595	15.2371
233.0192	14.5494	15.2490
233.1716	14.4292	15.0409
233.3240	14.3067	14.3828
233.4764	14.8595	14.1173
233.6288	15.7040	14.7066
233.7812	15.7712	15.0029
233.9336	15.6459	14.4646
234.0860	14.9843	12.8022
234.2384	14.1887	12.6860
234.3908	14.5547	13.0782
234.5432	14.9179	13.5830
234.6956	14.1460	13.1677
234.8480	14.4273	13.2451
235.0004	14.6567	13.4894
235.1528	14.6536	13.5009
235.3052	14.6255	13.6270
235.4576	14.8272	14.0870
235.6100	15.4600	14.6456
235.7624	15.7730	15.0430
235.9148	15.7693	15.2594
236.0672	15.7199	15.2623
236.2196	15.5473	15.2516
236.3720	15.3735	15.0537
236.5244	14.8104	14.1444
236.6768	13.8706	13.0895
236.8292	13.9832	13.0910
236.9816	14.1143	12.9619
237.1340	14.2337	12.5397
237.2864	14.2739	12.5869
237.4388	14.2402	12.6279
237.5912	14.1846	12.7872
237.7436	14.1815	13.5800
237.8960	13.1876	12.7459
238.0484	13.8391	12.7957
238.2008	13.8940	12.7922
238.3532	13.9164	12.8084
238.5056	13.8740	12.8116
238.6580	13.6848	12.7085
238.8104	13.9034	12.6856
238.9628	14.4727	13.1333
239.1152	15.1280	13.1172
239.2676	15.3884	13.5636
239.4200	15.4273	14.2432
239.5724	15.4464	14.2264
239.7248	15.4383	13.2401
239.8772	15.2167	13.1487
240.0296	14.4305	13.0364
240.1820	14.4800	12.8796
240.3344	14.4420	12.7455
240.4868	14.4412	12.7471
240.6392	14.4438	12.7553
240.7916	14.3847	12.7261
240.9440	14.1707	12.7286
241.0964	14.2588	13.2402
241.2488	14.0587	12.7353
241.4012	14.0910	12.6678
241.5536	14.0784	12.6678
241.7060	14.0391	12.6767
241.8584	14.0430	13.1291
242.0108	14.5683	14.8123
242.1632	13.6944	13.1329
242.3156	14.3350	13.5642
242.4680	14.8476	13.4487
242.6204	14.3017	13.4181
242.7728	13.6689	13.2885
242.9252	13.4026	12.9731
243.0776	13.3755	13.0107
243.2300	13.1099	12.6307
243.3824	13.4747	12.6082
243.5348	14.2618	12.7239
243.6872	14.2506	12.7249
243.8396	14.2516	12.7222
243.9920	14.1863	12.6335
244.1444	14.0748	12.5068
244.2968	13.9977	12.2788
244.4492	14.0774	12.4995
244.6016	14.1997	12.6502
244.7540	14.2285	12.6471
244.9064	14.2337	12.6618
245.0588	14.2398	12.7307
245.2112	14.3118	12.8289
245.3636	14.4083	12.9317
245.5160	15.0058	13.7558
245.6684	14.3077	13.0089
245.8208	14.5962	13.5060
245.9732	14.3794	13.4942
246.1256	14.1719	13.4475
246.2780	13.9712	13.3915
246.4304	13.8408	12.6885
246.5828	14.0650	13.1861
246.7352	14.4190	13.3517
246.8876	14.7948	14.3282
247.0400	13.9078	15.0043
247.1924	13.8854	15.0504
247.3448	13.8374	15.1514
247.4972	14.1885	15.1561
247.6496	13.9859	13.6952
247.8020	14.2095	13.7432
247.9544	14.2253	13.7476
248.1068	14.2179	13.7587
248.2592	14.1809	13.7990
248.4116	14.3217	15.0155
248.5640	14.3400	13.9356
248.7164	15.3008	14.2329
248.8688	15.5900	14.4005
249.0212	15.6699	15.2637
249.1736	15.3009	15.2467
249.3260	15.2959	15.2343
249.4784	15.1905	14.2814
249.6308	15.7082	14.2497
249.7832	15.5659	14.2423
249.9356	15.7842	15.2591
250.0880	15.7842	15.2591
250.2404	15.7770	15.2630
250.3928	15.7901	15.2712
250.5452	15.7836	15.2610
250.6976	15.6716	15.1248
250.8500	13.8152	13.2629
251.0024	13.7750	13.1924
251.1548	13.7811	12.9865
251.3072	13.7705	13.1460
251.4596	13.5873	13.0747
251.6120	13.6587	13.1646
251.7644	13.8654	13.5666
251.9168	15.0870	14.8670
252.0692	15.6444	13.7366
252.2216	14.8999	13.8420
252.3740	14.8281	15.1015
252.5264	14.4138	14.2401
252.6788	14.2903	13.3923
252.8312	14.4239	13.2790
252.9836	15.2675	13.1599
253.1360	14.4044	13.0783
253.2884	14.9066	13.0634
253.4408	14.9335	13.0447
253.5932	14.9666	13.1788
253.7456	15.2334	14.0431
253.8980	15.5800	15.2714
254.0504	15.1329	15.2519
254.2028	15.7709	15.2138
254.3552	15.7688	15.0502
254.5076	15.7677	15.0562
254.6600	15.7677	15.2282
254.8124	15.1990	14.6053
254.9648	13.8165	13.2637
255.1172	13.7864	13.3906
255.2696	13.8837	12.8455
255.4220	14.1153	12.9756
255.5744	14.5042	13.0218
255.7268	14.3598	12.8647
255.8792	14.1154	12.6372
256.0316	14.0680	12.6402
256.1840	14.2637	12.8296
256.3364	14.5952	12.8988
256.4888	14.6412	13.4688
256.6412	14.3906	13.9218
256.7936	14.2911	13.4936
256.9460	15.0723	14.2540
257.0984	15.5869	15.2558
257.2508	15.6812	15.2511
257.4032	15.6718	15.2504
257.5556	14.7617	15.2509
257.7080	14.6367	14.8837
257.8604	14.6600	14.0586
258.0128	13.3862	14.4220
258.1652	13.1775	15.2554
258.3176	13.1737	15.2597
258.4700	13.1625	15.2577
258.6224	14.5314	15.2573
258.7748	15.7617	15.2631
258.9272	15.7630	15.2631
259.0796	15.7640	15.2644
259.2320	15.7457	15.2586
259.3844	15.7518	15.2551
259.5368	14.8280	14.1679
259.6892	14.0542	13.4783
259.8416	13.9884	13.3584
259.9940	14.0194	13.2482
260.1464	14.1954	13.1707
260.2988	14.9394	13.1433
260.4512	14.8262	13.1925
260.6036	15.0616	14.0313
260.7560	15.3411	14.4075
260.9084	15.5474	14.3811
261.0608	15.6144	14.2338
261.2132	14.1366	13.8095
261.3656	13.5221	13.6193
261.5180	13.5675	14.0175
261.6704	14.2071	13.6768
261.8228	14.6558	14.1210
261.9752	14.7114	13.3281
262.1276	13.7597	13.0498
262.2800	13.4281	13.0851
262.4324	13.4281	13.0851
262.5848	13.4280	12.9997
262.7372	12.9952	12.6006
262.8896	13.4092	12.6275
263.0420	13.6516	12.7949
263.1944	13.6727	12.8281
263.3468	13.7254	12.7751
263.4992	14.5059	13.2306
263.6516	14.6731	14.2969
263.8040	13.2461	14.6924
263.9564	12.9380	14.7642
264.1088	12.8408	15.1844
264.2612	12.8187	13.8985
264.4136	13.1373	14.0985
264.5660	14.0702	13.3925
264.7184	13.3945	12.5000
264.8708	13.2942	12.3945
265.0232	13.3040	12.4011
265.1756	13.2995	12.3939
265.3280	13.5567	13.8946
265.4804	13.7195	14.7637
265.6328	13.8533	14.6074
265.7852	13.7063	14.6654
265.9376	13.6062	14.3266
266.0900	13.5822	14.2892
266.2424	13.5421	13.1895
266.3948	13.5155	13.2210
266.5472	13.5434	12.8756
266.6996	13.4658	12.9180
266.8520	13.6264	13.1353
267.0044	13.3915	13.1069
267.1568	13.3290	13.2282
267.3092	12.8599	13.1865
267.4616	13.1290	12.8701
267.6140	13.4882	12.6695
267.7664	13.4746	12.6137
267.9188	13.4740	12.4010
268.0712	13.4760	12.4005
268.2236	13.5342	12.4810
268.3760	13.5567	12.7521
268.5284	14.2658	14.1037
268.6808	15.6589	15.2499
268.8332	15.7681	15.2634
268.9856	15.7089	15.2640
269.1380	15.3564	15.0565
269.2904	14.7577	13.8710
269.4428	13.6790	13.0636
269.5952	13.7745	13.6726
269.7476	13.7780	13.7242
269.9000	13.7694	13.5995
270.0524	13.9864	13.0732
270.2048	14.7158	12.7971
270.3572	14.2570	12.7802
270.5096	14.1655	12.4446
270.6620	13.9787	12.5173
270.8144	13.8852	12.4825
270.9668	13.7241	12.4846
271.1192	13.5870	12.4339
271.2716	13.6027	12.7110
271.4240	13.5722	13.2725
271.5764	13.3914	13.3117
271.7288	13.3970	13.2776
271.8812	13.4668	12.9824
272.0336	13.6618	12.5835
272.1860	13.7248	12.7124
272.3384	13.7548	12.7483
272.4908	13.7438	12.7032
272.6432	13.7732	12.6578
272.7956	13.6162	12.7036
272.9480	13.2396	12.7425
273.1004	13.2166	13.0743
273.2528	13.5841	13.5943
273.4052	14.5195	14.0723
273.5576	14.5370	14.4609
273.7100	13.7129	14.1572
273.8624	13.5723	14.0465
274.0148	14.0157	13.8940
274.1672	14.2937	13.5566
274.3196	14.1142	13.1646
274.4720	13.9285	13.2901
274.6244	13.8509	13.6122
274.7768	13.8437	13.6210
274.9292	13.8162	13.6420
275.0816	13.7696	13.1503
275.2340	13.6982	12.6640
275.3864	13.7398	12.6839
275.5388	14.0108	12.8589
275.6912	14.2201	12.9927
275.8436	14.2797	13.0129
275.9960	14.4194	12.9944
276.1484	13.9980	12.9146
276.3008	13.6349	12.9841
276.4532	13.6089	13.0799
276.6056	13.6013	13.1777
276.7580	13.5916	13.1868
276.9104	13.5851	13.1779
277.0628	13.6106	13.2146
277.2152	14.6249	13.5138
277.3676	13.6679	14.2734
277.5200	13.3321	14.3027
277.6724	13.6565	14.1896
277.8248	13.7788	14.2057
277.9772	14.2998	14.2522
278.1296	14.1982	14.2391
278.2820	13.5791	13.7714
278.4344	13.3728	13.1855
278.5868	13.3773	13.0492
278.7392	13.3965	13.0903
278.8916	13.3972	13.0987
279.0440	13.4294	13.4018
279.1964	13.3781	13.1992
279.3488	13.0010	13.0879
279.5012	13.0465	13.7754
279.6536	13.5918	13.9546
279.8060	13.4692	12.8183
279.9584	13.3917	12.5412
280.1108	13.3907	12.5373
280.2632	13.2891	12.3492
280.4156	13.2107	12.6739
280.5680	13.2220	12.8967
280.7204	13.2536	12.8284
280.8728	13.2915	12.7961
281.0252	13.2399	12.6626
281.1776	13.1904	12.4463
281.3300	13.1762	12.8838
281.4824	13.1429	13.0444
281.6348	14.6014	13.0311
281.7872	13.5742	12.6987
281.9396	13.5433	12.8442
282.0920	13.5833	12.9113
282.2444	13.5778	12.9052
282.3968	13.4348	13.0259
282.5492	13.3505	12.8106
282.7016	13.8527	13.4582
282.8540	15.3902	14.6632
283.0064	15.7752	15.2565
283.1588	15.7767	15.2516
283.3112	15.7902	15.2640
283.4636	15.7616	15.2591
283.6160	14.6903	15.0862
283.7684	15.5709	14.1703
283.9208	14.2321	14.2577
284.0732	13.7541	14.2547
284.2256	15.6622	15.2341
284.3780	15.7617	15.2666
284.5304	15.7692	15.2591
284.6828	15.7630	15.2616
284.8352	13.6545	15.2188
284.9876	13.3299	12.6376
285.1400	13.4193	13.5651
285.2924	13.6330	13.9275
285.4448	14.8236	14.4956
285.5972	13.6788	13.0805
285.7496	13.6762	12.9570
285.9020	13.5111	12.8883
286.0544	13.7246	12.6112
286.2068	13.3327	12.5938
286.3592	13.3399	12.9388
286.5116	13.3399	12.6760
286.6640	13.3343	12.5417
286.8164	13.2975	12.5633
286.9688	13.3475	12.6592
287.1212	13.3591	12.7153
287.2736	13.4061	12.7849
287.4260	13.3666	12.6724
287.5784	13.4527	12.6461
287.7308	13.4205	12.6936
287.8832	13.2578	12.7671
288.0356	13.3650	12.9780
288.1880	13.3694	13.0123
288.3404	13.3930	13.0723
288.4928	13.2946	12.6071
288.6452	13.1797	12.6027
288.7976	13.2829	12.4589
288.9500	13.2637	12.6375
289.1024	13.2637	12.6679
289.2548	13.1945	12.9141
289.4072	13.3078	13.0039
289.5596	13.3006	14.4691
289.7120	13.1990	15.1741
289.8644	13.9125	15.2565
290.0168	13.9211	15.2640
290.1692	14.0597	15.2591
290.3216	15.6016	15.2640
290.4740	15.7580	15.1391
290.6264	15.7602	15.1440
290.7788	15.6978	14.7145
290.9312	15.3518	13.6769
291.0836	14.4832	13.1192
291.2360	13.8740	13.1107
291.3884	13.5444	13.2712
291.5408	13.4980	13.2505
291.6932	13.3462	12.7630
291.8456	15.4656	14.5665
291.9980	15.7370	15.1493
292.1504	15.7677	15.2602
292.3028	15.7640	14.8046
292.4552	15.7579	14.5664
292.6076	15.3553	14.1727
292.7600	15.0236	14.1210
292.9124	13.8295	12.5940
293.0648	13.8484	12.5680
293.2172	13.7926	12.5070
293.3696	13.7875	12.5021
293.5220	13.8209	12.5417
293.6744	13.8997	12.6420
293.8268	14.0637	12.6461
293.9792	13.7366	12.5244
294.1316	13.7237	12.5332
294.2840	13.7177	12.5374
294.4364	13.7220	12.5374
294.5888	13.7150	12.5245
294.7412	13.3606	12.7717
294.8936	13.1826	12.6416
295.0460	13.5340	12.8877
295.1984	13.5416	12.8969
295.3508	13.5460	12.9184
295.5032	13.2652	13.1022
295.6556	13.2328	13.5603
295.8080	12.9583	14.0371
295.9604	13.0745	13.6066
296.1128	13.7667	13.5608
296.2652	13.4413	13.0938
296.4176	13.9407	14.4406
296.5700	14.3987	14.9724
296.7224	14.6391	14.9925
296.8748	13.9381	14.9466
297.0272	13.8252	13.6267
297.1796	13.8184	13.4021
297.3320	13.8149	12.8533
297.4844	13.8269	12.8281
297.6368	13.8106	12.9134
297.7892	13.7806	12.8189
297.9416	13.7220	12.7501
298.0940	13.7194	12.6290
298.2464	13.7763	12.5981
298.3988	13.9168	12.6551
298.5512	14.0570	12.7504
298.7036	13.3870	12.7544
298.8560	13.3123	12.7285
299.0084	13.2931	12.6894
299.1608	13.6122	13.4555
299.3132	13.2091	12.9606
299.4656	13.0685	12.9095
299.6180	12.9448	12.9655
299.7704	12.9240	12.6589
299.9228	12.9851	12.6551
300.0752	13.0967	12.8582
300.2276	13.1930	12.9823
300.3800	13.4936	13.0681
300.5324	13.3211	12.9695
300.6848	13.3431	13.0122
300.8372	13.6269	13.1358
300.9896	13.6875	13.2036
301.1420	13.7151	13.2379
301.2944	13.6893	13.2295
301.4468	14.7023	13.7257
301.5992	14.1944	13.0294
301.7516	14.3904	13.4184
301.9040	14.4377	13.4607
302.0564	13.2564	12.9055
302.2088	12.6396	13.0247
302.3612	12.4848	13.3550
302.5136	12.4769	13.2290
302.6660	12.5102	12.9741
302.8184	12.6514	12.9055
302.9708	12.6819	13.1145
303.1232	13.1102	13.1023
303.2756	14.0510	14.1172
303.4280	14.1289	14.0776
303.5804	14.0740	13.9317
303.7328	13.9601	15.1492
303.8852	13.9594	14.4966
304.0376	14.0281	14.5184
304.1900	14.3008	14.6183
304.3424	14.2926	14.6066
304.4948	15.3148	15.2551
304.6472	15.7677	13.3980
304.7996	15.7580	13.5271
304.9520	15.7602	13.7471
305.1044	15.7580	13.7917
305.2568	15.7677	13.7388
305.4092	15.7615	13.3555
305.5616	14.0909	13.7966
305.7140	14.1164	15.1704
305.8664	15.6698	15.2640
306.0188	15.6774	15.2640
306.1712	15.6774	15.2715
306.3236	15.6764	15.2578
306.4760	13.6166	14.5106
306.6284	13.6027	15.2603
306.7808	15.1918	15.2640
306.9332	14.7083	15.2340
307.0856	13.7410	14.6144
307.2380	14.1439	14.6914
307.3904	13.5602	15.0435
307.5428	13.7865	15.2402
307.6952	13.4702	13.2374
307.8476	13.1101	12.9570
308.0000	13.0968	12.8790
308.1524	13.9039	14.1944
308.3048	13.3195	14.0599
308.4572	13.4221	14.0081
308.6096	13.3578	14.1944
308.7620	13.3211	14.1615
308.9144	13.3212	14.0121
309.0668	14.5265	13.9104
309.2192	12.7152	13.8745
309.3716	15.0774	15.2542
309.5240	15.5444	15.2640
309.6764	15.5651	15.2666
309.8288	15.5749	15.2640
309.9812	15.7203	15.2626
310.1336	14.8500	13.6728
310.2860	14.7531	13.4178
310.4384	14.9362	13.1443
310.5908	14.9202	13.0890
310.7432	14.8921	13.0805
310.8956	14.8378	13.0979
311.0480	13.6599	12.8146
311.2004	13.6139	13.0207
311.3528	13.7780	12.7501
311.5052	13.9125	12.7417
311.6576	13.9747	12.7544
311.8100	14.1733	12.7717
311.9624	14.2572	12.7545
312.1148	14.3195	13.1527
312.2672	13.5269	12.7416
312.4196	13.5386	13.2961
312.5720	14.4789	13.3727
312.7244	13.4746	13.2714
312.8768	13.4205	13.7952
313.0292	13.3827	13.8615
313.1816	13.7376	14.3525
313.3340	13.7113	14.3643
313.4864	13.1812	14.2185
313.6388	13.3050	14.3939
313.7912	13.3049	14.3938
313.9436	12.9927	13.9552
314.0960	13.3898	13.9464
314.2484	13.3914	14.2255
314.4008	13.5269	13.5811
314.5532	13.1859	13.4859
314.7056	14.1903	13.5187
314.8580	14.7452	13.6884
315.0104	15.5515	14.8566
315.1628	15.7692	15.1467
315.3152	15.5635	15.2602
315.4676	15.6849	14.9315
315.6200	15.6183	15.2663
315.7724	15.4522	14.1460
315.9248	14.9261	13.2370
316.0772	14.7854	13.1192
316.2296	14.5492	13.3814
316.3820	14.8280	14.1496
316.5344	15.6387	15.2520
316.6868	15.7661	15.2542
316.8392	15.7517	15.2611
316.9916	13.6916	13.1992
317.1440	14.4063	13.0659
317.2964	14.4356	13.0510
317.4488	14.4420	13.0843
317.6012	15.0556	13.6053
317.7536	14.5984	12.8380
317.9060	13.6526	13.0994
318.0584	14.6230	14.2928
318.2108	14.4883	13.7588
318.3632	14.4459	13.6711
318.5156	14.4697	13.6452
318.6680	15.1151	13.6202
318.8204	14.5798	15.1109
318.9728	13.2753	13.2851
319.1252	13.0102	13.1488
319.2776	12.9860	13.1528
319.4300	12.9851	13.1533
319.5824	12.8102	13.5161
319.7348	12.4547	13.2793
319.8872	12.9034	13.4120
320.0396	13.0588	12.8359
320.1920	13.0472	12.7523
320.3444	13.1063	12.7501
320.4968	13.1610	12.7540
320.6492	13.5564	12.6227
320.8016	12.6935	12.3548
320.9540	13.4082	13.5037
321.1064	13.2121	12.6191
321.2588	14.1446	12.6179
321.4112	14.3674	12.6490
321.5636	14.7334	12.6391
321.7160	14.6964	13.5643
321.8684	14.1212	13.1045
322.0208	14.4805	13.0994
322.1732	14.5729	13.1145
322.3256	14.5776	13.1076
322.4780	14.4995	13.0699
322.6304	14.2893	12.8168
322.7828	15.4083	12.4182
322.9352	15.7221	13.3088
323.0876	15.3072	13.9491
323.2400	13.7148	13.2636
323.3924	13.3606	13.0702
323.5448	13.3231	12.9899
323.6972	13.9246	13.1713
323.8496	13.2245	12.7666
324.0020	12.8628	12.9249
324.1544	12.9727	13.1130
324.3068	13.0186	13.1514
324.4592	13.1523	13.5674
324.6116	14.0880	13.4578
324.7640	14.3584	12.7265
324.9164	13.6444	12.4774
325.0688	13.1757	12.5984
325.2212	13.0385	12.5631
325.3736	13.0439	12.5384
325.5260	13.0621	12.5341
325.6784	12.9707	12.5396
325.8308	12.9749	12.6875
325.9832	13.1157	12.6902
326.1356	13.1486	12.5488
326.2880	13.1323	12.4968
326.4404	13.1367	12.4969
326.5928	13.1661	12.4263
326.7452	13.0276	12.4019
326.8976	12.9398	12.3599
327.0500	12.9291	12.3189
327.2024	12.9854	12.2356
327.3548	13.0448	12.2817
327.5072	13.0123	12.2715
327.6596	12.9876	12.2347
327.8120	12.9193	12.9530
327.9644	13.2033	12.3496
328.1168	14.0001	12.3399
328.2692	14.6006	12.5960
328.4216	14.7290	12.6389
328.5740	14.6217	12.6469
328.7264	15.1052	14.0156
328.8788	14.1639	13.9551
329.0312	13.6294	13.8970
329.1836	13.6202	14.0186
329.3360	13.1602	13.5928
329.4884	13.1613	13.6162
329.6408	13.6399	13.7138
329.7932	14.5118	14.1026
329.9456	14.9213	14.3128
330.0980	14.6718	12.9334
330.2504	14.3056	12.2267
330.4028	13.9981	12.1846
330.5552	14.0509	12.3058
330.7076	14.6797	12.6865
330.8600	14.8257	12.7105
331.0124	14.7344	12.7961
331.1648	15.1612	13.4220
331.3172	15.4108	13.8442
331.4696	14.3592	13.7465
331.6220	13.7144	13.2578
331.7744	13.6264	13.1957
331.9268	13.4428	12.9599
332.0792	13.3144	12.8828
332.2316	13.2623	12.9704
332.3840	13.2467	12.9654
332.5364	13.4229	13.0235
332.6888	13.6477	12.7715
332.8412	13.5170	12.6746
332.9936	13.3492	12.7452
333.1460	13.3212	12.7418
333.2984	13.2017	12.9787
333.4508	13.3858	13.5587
333.6032	13.7647	14.0294
333.7556	14.1601	14.3820
333.9080	13.8847	14.9530
334.0604	13.4550	14.3122
334.2128	13.6129	12.9940
334.3652	13.8985	12.5394
334.5176	14.3487	12.5398
334.6700	14.6060	12.5064
334.8224	14.3966	12.8282
334.9748	14.7578	12.9926
335.1272	14.7108	12.6552
335.2796	14.2598	12.4609
335.4320	14.2595	12.4153
335.5844	14.3369	12.5158
335.7368	15.0920	13.0432
335.8892	15.7567	13.9826
336.0416	15.7715	14.5737
336.1940	15.7654	14.5820
336.3464	15.7183	14.8152
336.4988	14.5623	14.0310
336.6512	13.7433	12.9484
336.8036	14.2261	13.1138
336.9560	14.2985	13.2781
337.1084	13.8240	13.4884
337.2608	13.0567	14.0225
337.4132	13.2228	14.3562
337.5656	13.9761	14.5088
337.7180	13.9472	14.5136
337.8704	13.6538	14.0389
338.0228	13.4978	13.4754
338.1752	13.4185	12.6658
338.3276	13.5284	11.9648
338.4800	13.7851	11.8642
338.6324	13.4823	12.0401
338.7848	12.9133	12.3597
338.9372	12.8086	12.3943
339.0896	12.6455	12.3559
339.2420	12.4517	12.1767
339.3944	12.4810	11.9130
339.5468	12.7495	12.3811
339.6992	12.8486	13.3170
339.8516	12.7411	13.8361
340.0040	12.6829	14.3189
340.1564	12.6679	14.4625
340.3088	12.6155	14.7745
340.4612	12.7129	15.1142
340.6136	12.8855	14.8495
340.7660	13.6995	14.4053
340.9184	14.6579	14.6488
341.0708	13.4471	14.3271
341.2232	12.8180	14.0709
341.3756	12.7803	14.3295
341.5280	12.9064	13.8357
341.6804	13.3946	12.7209
341.8328	13.5409	13.4768
341.9852	12.9433	14.6154
342.1376	12.6584	15.2225
342.2900	13.3866	15.2512
342.4424	13.4719	15.2538
342.5948	13.5075	15.2407
342.7472	13.0603	15.1587
342.8996	12.2286	15.0798
343.0520	12.4873	15.0811
343.2044	12.5506	14.7108
343.3568	11.8970	14.0024
343.5092	11.8983	13.9817
343.6616	12.1642	14.3379
343.8140	12.8860	14.4879
343.9664	13.8793	12.9619
344.1188	15.3401	13.0615
344.2712	15.5557	13.7074
344.4236	15.7863	15.1956
344.5760	15.7785	15.2733
344.7284	15.7849	15.2736
344.8808	15.7864	15.2775
345.0332	15.7784	15.2733
345.1856	15.7848	15.2714
345.3380	15.7804	15.0633
345.4904	15.7063	14.4448
345.6428	15.5739	14.3152
345.7952	15.5631	14.3860
345.9476	15.5341	14.2387
346.1000	15.4716	14.0961
346.2524	15.3105	13.5271
346.4048	15.0770	12.6378
346.5572	14.6345	13.2056
346.7096	14.5759	13.4480
346.8620	14.5080	13.5332
347.0144	14.4962	13.5097
347.1668	14.5244	13.0958
347.3192	14.4541	13.6443
347.4716	14.5908	13.6506
347.6240	14.7024	13.4982
347.7764	14.6783	13.3416
347.9288	14.8691	12.6386
348.0812	14.7664	12.2516
348.2336	14.7813	12.4924
348.3860	14.8505	13.2748
348.5384	14.4387	12.8983
348.6908	14.5440	12.2936
348.8432	14.9474	12.5197
348.9956	14.9263	13.2490
349.1480	15.0548	13.5041
349.3004	15.5536	14.4559
349.4528	15.1691	14.0133
349.6052	15.7600	14.3146
349.7576	15.6403	15.0406
349.9100	15.6255	15.2714
350.0624	15.6338	15.2039
350.2148	15.6274	14.5269
350.3672	15.4628	12.8888
350.5196	15.0324	13.2263
350.6720	14.9029	13.1214
350.8244	14.8784	13.1835
350.9768	14.8502	13.2129
351.1292	14.6520	13.4530
351.2816	13.4081	12.7814
351.4340	13.0223	13.3243
351.5864	13.0938	13.4683
351.7388	13.3104	13.7558
351.8912	13.3247	13.8045
352.0436	13.3818	13.8886
352.1960	13.3779	13.7065
352.3484	13.0735	13.4032
352.5008	13.2501	12.8612
352.6532	13.5584	12.4669
352.8056	13.6456	12.4218
352.9580	13.6954	12.5074
353.1104	13.6420	12.6173
353.2628	13.3198	12.7218
353.4152	13.1304	13.1905
353.5676	13.4045	13.1189
353.7200	14.2287	12.2341
353.8724	15.0069	12.0911
354.0248	15.4152	12.1662
354.1772	15.3199	12.7294
354.3296	13.6018	12.4126
354.4820	13.7316	12.3480
354.6344	14.2946	13.9347
354.7868	14.4443	14.0030
354.9392	14.4020	13.9510
355.0916	13.0076	13.1298
355.2440	12.1082	12.6721
355.3964	12.2471	13.5235
355.5488	12.4340	13.5174
355.7012	13.8954	12.6594
355.8536	13.8953	13.3577
356.0060	13.8834	13.5476
356.1584	13.8836	13.7005
356.3108	14.4525	13.5482
356.4632	15.7676	11.0557
356.6156	15.7864	15.1719
356.7680	15.7806	15.2731
356.9204	15.7827	15.2788
357.0728	15.7769	15.2705
357.2252	15.7899	15.2749
357.3776	15.7830	14.7969
357.5300	15.7791	15.0073
357.6824	15.7783	14.7324
357.8348	15.7897	14.6600
357.9872	15.7866	14.6426
358.1396	15.6172	15.1761
358.2920	13.7617	12.6679
358.4444	13.7080	12.5329
358.5968	13.7011	12.5125
358.7492	13.7060	12.5113
358.9016	13.7008	12.5275
359.0540	13.4396	12.5575
359.2064	14.0774	14.4764
359.3588	15.1035	13.8418
359.5112	15.1209	13.9730
359.6636	14.4481	13.4423
359.8160	14.0435	13.2203
359.9684	14.0410	12.7197
360.1208	14.2602	12.6642
360.2732	13.8896	12.9039
360.4256	13.6694	13.2124
360.5780	13.6539	13.1258
360.7304	13.6301	13.3085
360.8828	13.5824	13.0850
361.0352	13.6195	13.1139
361.1876	14.4358	13.5770
361.3400	15.3184	13.0206
361.4924	15.3941	13.2435
361.6448	13.6757	14.4140
361.7972	13.3303	14.3512
361.9496	14.8590	15.0268
362.1020	13.5273	12.6523
362.2544	13.3617	12.3096
362.4068	14.0608	12.4158
362.5592	15.0313	12.5171
362.7116	15.1866	12.5257
362.8640	14.1500	12.3058
363.0164	12.6777	12.8157
363.1688	12.4334	13.8556
363.3212	12.7145	14.2462
363.4736	13.2932	14.6109
363.6260	14.1153	15.0547
363.7784	14.5738	15.2266
363.9308	14.8521	15.1884
364.0832	14.8602	15.2395
364.2356	13.8691	13.4139
364.3880	13.6564	12.9134
364.5404	13.5710	13.3135
364.6928	13.5083	13.3736
364.8452	13.4182	13.3038
364.9976	13.3775	13.1363
365.1500	13.3157	13.3930
365.3024	13.3126	13.1860
365.4548	13.4452	12.9506
365.6072	12.8895	13.7713
365.7596	12.3684	13.1446
365.9120	13.1329	13.2500
366.0644	13.4407	13.3953
366.2168	13.4775	13.4612
366.3692	12.6581	14.0762
366.5216	12.3963	14.2735
366.6740	12.7931	14.6846
366.8264	13.2099	14.7372
366.9788	13.0224	14.2430
367.1312	12.6583	13.3690
367.2836	12.9962	12.9414
367.4360	13.3697	12.9529
367.5884	13.5991	12.8967
367.7408	13.6238	12.7090
367.8932	13.3491	12.7649
368.0456	13.2008	12.7966
368.1980	13.1191	12.7920
368.3504	13.0857	12.8117
368.5028	13.1020	13.8400
368.6552	13.9317	14.5356
368.8076	14.2114	14.4087
368.9600	14.1712	14.3033
369.1124	14.0983	14.2186
369.2648	13.6707	13.4238
369.4172	13.0418	13.3467
369.5696	12.9265	13.6563
369.7220	12.8251	13.9376
369.8744	12.5551	14.2325
370.0268	12.3176	14.3527
370.1792	13.1956	13.4276
370.3316	14.5451	13.0083
370.4840	15.3408	13.1066
370.6364	15.2744	13.2410
370.7888	15.1237	13.3465
370.9412	14.4862	13.2504
371.0936	13.8350	13.9962
371.2460	13.8206	14.5043
371.3984	14.8009	14.8660
371.5508	15.2350	14.0702
371.7032	14.7929	13.5027
371.8556	14.4487	13.7452
372.0080	14.3379	13.9129
372.1604	14.2616	13.8508
372.3128	14.6530	13.9082
372.4652	13.3436	14.0621
372.6176	12.8107	14.3379
372.7700	13.4302	14.5559
372.9224	13.6382	14.3759
373.0748	13.8848	14.0791
373.2272	14.1551	14.0170
373.3796	13.2420	13.6406
373.5320	12.4289	13.4177
373.6844	12.4028	13.2041
373.8368	12.4900	13.1802
373.9892	12.5703	13.3204
374.1416	12.5981	13.3055
374.2940	12.6105	13.3490
374.4464	12.5522	13.3325
374.5988	12.5387	13.2927
374.7512	12.5203	13.3326
374.9036	12.5725	13.3010
375.0560	12.6378	13.3521
375.2084	12.6189	13.4567
375.3608	12.6182	13.5656
375.5132	12.5010	13.3163
375.6656	12.5122	13.0193
375.8180	12.5848	13.0684
375.9704	12.5431	13.0826
376.1228	12.6015	13.1100
376.2752	13.2715	13.2363
376.4276	13.3847	13.2164
376.5800	12.9668	13.6134
376.7324	13.1208	14.2235
376.8848	13.7344	14.6972
377.0372	13.7735	14.5976
377.1896	14.2072	14.5371
377.3420	14.8357	14.4861
377.4944	13.8641	13.6867
377.6468	13.1669	13.5671
377.7992	12.7176	13.4887
377.9516	13.1584	13.5252
378.1040	13.8848	13.6192
378.2564	14.1226	13.8379
378.4088	14.1364	13.9443
378.5612	13.8715	13.6161
378.7136	13.6142	13.3604
378.8660	13.4838	13.3706
379.0184	13.2753	13.4635
379.1708	13.0673	13.4772
379.3232	12.8261	13.4487
379.4756	12.5388	13.5616
379.6280	12.5178	13.7215
379.7804	12.5180	13.5087
379.9328	12.4250	13.1997
380.0852	12.4093	13.2275
380.2376	12.4105	13.1699
380.3900	12.4219	13.1143
380.5424	12.4813	13.1209
380.6948	12.5826	13.1944
380.8472	12.8574	13.5284
380.9996	12.7568	13.8613
381.1520	12.4591	13.7577
381.3044	12.8350	13.4345
381.4568	13.0536	13.2534
381.6092	12.9116	13.3010
381.7616	12.7439	13.6427
381.9140	12.6816	14.1318
382.0664	12.4215	13.8584
382.2188	12.5372	13.9948
382.3712	12.8331	13.9504
382.5236	13.0795	13.6444
382.6760	12.8671	13.2262
382.8284	12.5371	13.1588
382.9808	12.5664	13.1395
383.1332	12.5853	13.1779
383.2856	12.5780	13.1690
383.4380	12.6488	13.1794
383.5904	12.9443	13.3008
383.7428	12.9158	13.3349
383.8952	12.0270	12.9016
384.0476	11.9979	12.8913
384.2000	11.9993	12.8909
384.3524	12.0033	12.8992
384.5048	12.3772	12.9639
384.6572	13.2507	13.2960
384.8096	13.0901	13.8936
384.9620	12.9802	14.2172
385.1144	12.9768	14.2049
385.2668	12.9160	13.9491
385.4192	12.7445	13.3017
385.5716	12.6714	13.2514
385.7240	12.5766	13.2930
385.8764	12.3958	13.5098
386.0288	12.3761	13.6066
386.1812	12.3414	13.5786
386.3336	12.3335	13.4634
386.4860	12.4219	13.4170
386.6384	12.6803	13.5801
386.7908	12.7104	13.6061
386.9432	12.7312	13.6084
387.0956	12.7504	13.5507
387.2480	12.5693	13.3437
387.4004	12.3674	13.4620
387.5528	12.3362	13.6220
387.7052	12.3646	13.4727
387.8576	12.4064	13.5147
388.0100	12.4126	13.5569
388.1624	12.4322	13.5437
388.3148	12.5322	13.6124
388.4672	12.2754	13.5605
388.6196	12.2525	13.3727
388.7720	12.2348	13.3251
388.9244	12.2663	13.2756
389.0768	12.3065	13.2544
389.2292	12.3017	13.2290
389.3816	12.2940	13.0888
389.5340	12.3156	13.0036
389.6864	12.3798	12.8706
389.8388	12.3950	12.7651
389.9912	12.4042	12.7012
390.1436	12.4290	12.6903
390.2960	12.5087	12.9788
390.4484	11.9793	13.9756
390.6008	12.0881	14.1826
390.7532	12.7948	14.2060
390.9056	12.7552	13.7812
391.0580	12.7011	13.4006
391.2104	12.7090	13.3902
391.3628	12.7251	13.3393
391.5152	12.9024	13.0839
391.6676	13.3044	12.7952
391.8200	13.2151	12.7980
391.9724	13.1581	13.2763
392.1248	12.7294	12.9881
392.2772	12.4451	12.3902
392.4296	12.4868	12.2978
392.5820	12.5396	12.0742
392.7344	12.5172	11.9685
392.8868	12.5795	11.9538
393.0392	12.6651	11.7894
393.1916	12.8979	12.0648
393.3440	12.9254	13.5460
393.4964	12.8388	14.1173
393.6488	12.8400	14.1296
393.8012	12.8178	14.0662
393.9536	12.8268	13.0620
394.1060	12.9029	12.8186
394.2584	13.1200	13.6098
394.4108	12.5442	13.3258
394.5632	12.4830	13.6247
394.7156	12.4890	13.6707
394.8680	12.4358	13.7342
395.0204	12.2882	13.1281
395.1728	12.8693	12.9853
395.3252	13.3715	12.6980
395.4776	14.8702	12.6895
395.6300	15.0408	13.0730
395.7824	15.1681	13.2132
395.9348	15.5290	14.2827
396.0872	15.3884	15.2484
396.2396	14.2113	15.2589
396.3920	14.3527	15.2565
396.5444	15.0301	15.2570
396.6968	15.1825	15.2172
396.8492	15.2166	14.7633
397.0016	15.2395	13.4100
397.1540	14.3552	12.6311
397.3064	13.1721	13.6662
397.4588	13.2636	14.4764
397.6112	12.9608	13.6716
397.7636	12.5821	12.3511
397.9160	12.6923	12.5716
398.0684	12.7203	12.8505
398.2208	12.9321	12.3202
398.3732	12.8272	11.7451
398.5256	12.8450	11.6094
398.6780	12.9042	11.5813
398.8304	12.5566	11.3165
398.9828	12.5889	11.8429
399.1352	14.0586	13.8126
399.2876	14.2426	14.1680
399.4400	14.2586	14.0920
399.5924	14.4265	13.3362
399.7448	14.3480	13.4699
399.8972	14.4591	14.0940
400.0496	15.0558	15.1483
400.2020	15.4387	14.5078
400.3544	15.4895	14.3903
400.5068	15.5469	13.0389
400.6592	15.7656	12.2474
400.8116	15.7070	12.6719
400.9640	15.7204	12.8769
401.1164	15.4716	12.6096
401.2688	15.2608	13.4017
401.4212	15.6206	12.6385
401.5736	15.7587	11.8901
401.7260	15.7692	11.9773
401.8784	14.7812	11.9055
402.0308	14.6964	12.7053
402.1832	15.0792	13.7892
402.3356	15.4864	14.3179
402.4880	15.7525	14.3553
402.6404	15.7902	12.5392
402.7928	15.7848	13.0806
402.9452	15.7603	15.1328
403.0976	15.7780	15.2615
403.2500	15.7899	15.2712
403.4024	15.7777	15.2617
403.5548	15.6795	15.2611
403.7072	15.0822	15.2588
403.8596	15.7710	15.2705
404.0120	15.7799	15.2630
404.1644	15.7701	15.2538
404.3168	15.0856	15.0311
404.4692	13.7677	14.4472
404.6216	14.2677	14.2749
404.7740	14.7531	14.3901
404.9264	15.3204	14.1953
405.0788	15.7902	14.0474
405.2312	15.7529	14.3316
405.3836	15.6111	14.4426
405.5360	15.5404	14.5377
405.6884	15.0926	14.0672
405.8408	14.4913	13.2478
405.9932	14.8731	12.4258
406.1456	14.9875	12.3560
406.2980	14.9926	12.3911
406.4504	15.0190	13.2908
406.6028	13.0156	12.3164
406.7552	12.9704	12.4019
406.9076	13.6094	12.9971
407.0600	13.9039	13.1399
407.2124	14.2743	13.1909
407.3648	13.8711	12.9522
407.5172	13.8208	13.0432
407.6696	15.7314	13.9372
407.8220	15.4386	12.6592
407.9744	15.4998	12.4614
408.1268	15.5013	12.4218
408.2792	15.4361	12.3991
408.4316	14.7928	12.4702
408.5840	13.9228	12.4931
408.7364	13.7011	12.2955
408.8888	13.4090	12.5026
409.0412	13.4740	13.1124
409.1936	13.4818	13.3931
409.3460	13.4830	13.4651
409.4984	13.2460	13.8848
409.6508	12.9666	13.8239
409.8032	13.0759	12.3439
409.9556	13.1384	12.7801
410.1080	14.1638	12.7094
410.2604	13.2147	12.5264
410.4128	12.8148	12.8234
410.5652	14.0906	13.3614
410.7176	14.2541	13.5953
410.8700	14.8602	13.8019
411.0224	14.8504	14.1787
411.1748	14.2556	14.2280
411.3272	13.3056	14.0351
411.4796	12.8840	13.7029
411.6320	12.7866	13.6759
411.7844	12.7821	13.6692
411.9368	12.7411	13.6525
412.0892	12.4435	13.3143
412.2416	12.4669	12.6138
412.3940	12.8537	14.6964
412.5464	13.4366	15.2613
412.6988	13.4631	15.2715
412.8512	13.4631	15.2715
413.0036	13.6467	15.2698
413.1560	14.5236	14.8160
413.3084	15.1855	13.3234
413.4608	15.2520	13.7833
413.6132	15.4913	14.3137
413.7656	15.7611	14.3467
413.9180	15.7859	14.1440
414.0704	15.7788	13.9688
414.2228	15.1911	13.8869
414.3752	13.7820	13.6346
414.5276	13.4451	13.0467
414.6800	12.6230	12.3490
414.8324	12.6345	12.3550
414.9848	12.6609	12.3836
415.1372	12.7424	12.4135
415.2896	12.7451	12.6926
415.4420	12.5308	13.6799
415.5944	12.5287	14.6216
415.7468	12.9435	14.6717
415.8992	13.4301	13.9901
416.0516	13.1073	13.2387
416.2040	12.7770	13.0876
416.3564	12.8528	12.7813
416.5088	12.9704	12.7911
416.6612	13.0449	13.2349
416.8136	13.0749	13.4560
416.9660	13.0612	13.3803
417.1184	13.0633	12.8935
417.2708	13.4962	12.5572
417.4232	13.9959	12.6958
417.5756	14.0677	12.8233
417.7280	14.0707	12.8215
417.8804	14.0646	12.6386
418.0328	13.7147	12.4065
418.1852	13.2973	12.5655
418.3376	13.1613	12.6852
418.4900	13.1430	12.6507
418.6424	13.1439	12.6481
418.7948	13.1420	12.7729
418.9472	13.1618	12.6763
419.0996	13.2311	12.8214
419.2520	13.8497	13.1445
419.4044	14.1477	13.1174
419.5568	14.1291	13.0480
419.7092	14.1129	13.0348
419.8616	14.1649	12.5889
420.0140	14.0628	12.5669
420.1664	14.0956	12.4985
420.3188	13.7334	12.3081
420.4712	13.5692	12.3240
420.6236	13.5677	12.3524
420.7760	13.5470	12.3568
420.9284	13.5136	12.3147
421.0808	13.4146	12.1991
421.2332	13.6466	12.7256
421.3856	14.0596	12.9551
421.5380	14.2513	12.8976
421.6904	14.4522	12.9036
421.8428	14.6803	12.9057
421.9952	15.0171	13.0757
422.1476	15.0790	13.2815
422.3000	14.7039	12.5058
422.4524	13.8768	12.4198
422.6048	13.3535	12.2593
422.7572	13.2958	12.2930
422.9096	13.3669	12.4265
423.0620	13.3487	12.3816
423.2144	13.3594	12.0229
423.3668	13.3850	11.9990
423.5192	13.1914	12.1785
423.6716	13.1656	12.3408
423.8240	13.1806	12.2945
423.9764	13.6571	12.6778
424.1288	13.0859	12.9507
424.2812	13.1054	12.8164
424.4336	13.1264	11.9461
424.5860	13.1062	11.5655
424.7384	13.2031	11.8648
424.8908	13.2778	11.8833
425.0432	13.3493	11.9162
425.1956	13.2325	12.0461
425.3480	13.7422	12.8320
425.5004	13.6164	12.8987
425.6528	14.3282	13.8029
425.8052	14.6870	14.3828
425.9576	14.7369	14.5054
426.1100	14.7869	15.0682
426.2624	15.0356	14.2300
426.4148	14.9702	12.3279
426.5672	14.9021	11.5093
426.7196	14.8909	11.4484
426.8720	14.8861	11.5041
427.0244	14.8342	11.7051
427.1768	14.6401	11.6323
427.3292	14.5450	11.4901
427.4816	14.5181	11.6309
427.6340	13.5311	11.6501
427.7864	12.7521	12.3186
427.9388	13.2776	13.2242
428.0912	14.3694	13.3821
428.2436	15.2500	12.8553
428.3960	15.3873	12.1496
428.5484	15.2505	11.9257
428.7008	14.7303	11.8536
428.8532	13.9812	12.2060
429.0056	13.8462	11.9375
429.1580	13.8028	11.8455
429.3104	13.6133	12.4458
429.4628	13.7503	14.3204
429.6152	15.0927	14.7235
429.7676	14.6745	14.1914
429.9200	14.6048	14.1293
430.0724	14.7383	13.8960
430.2248	14.8459	13.8636
430.3772	15.7133	15.2715
430.5296	15.4132	15.2718
430.6820	15.7861	15.2746
430.8344	15.7641	15.2662
430.9868	15.4238	15.2595
431.1392	15.4001	15.2666
431.2916	15.7901	15.2714
431.4440	15.7729	15.2606
431.5964	15.4821	14.7966
431.7488	14.1715	13.4911
431.9012	14.0763	13.4062
432.0536	14.0309	13.2215
432.2060	14.1173	12.4392
432.3584	14.6072	11.4753
432.5108	13.7541	11.5382
432.6632	14.5233	12.0773
432.8156	13.8293	12.7238
432.9680	13.8487	13.2835
433.1204	13.8951	13.3863
433.2728	14.3185	13.6425
433.4252	15.0077	13.4084
433.5776	14.4158	14.3772
433.7300	14.4185	15.2558
433.8824	14.5626	15.2647
434.0348	14.8087	15.2652
434.1872	15.1846	15.2536
434.3396	15.4986	15.1406
434.4920	15.6132	14.8439
434.6444	15.4728	15.2558
434.7968	15.5039	15.1922
434.9492	15.6488	15.1362
435.1016	15.7219	14.8787
435.2540	15.6346	13.9002
435.4064	14.8005	13.0196
435.5588	13.6191	13.2244
435.7112	13.5675	12.3779
435.8636	13.5490	12.1863
436.0160	13.5427	12.1743
436.1684	13.5453	12.1639
436.3208	14.0822	12.1475
436.4732	14.8622	12.1544
436.6256	14.5411	12.2408
436.7780	14.7249	12.3714
436.9304	14.7779	12.4811
437.0828	14.6909	12.5482
437.2352	14.4262	12.5068
437.3876	14.2504	12.4874
437.5400	14.0541	12.7144
437.6924	13.8013	12.7968
437.8448	13.7252	12.8955
437.9972	13.7218	13.0252
438.1496	13.7064	13.0388
438.3020	13.7429	13.1273
438.4544	13.8464	13.0332
438.6068	13.8904	12.8596
438.7592	14.0616	12.6938
438.9116	14.2659	12.5982
439.0640	14.4068	12.4673
439.2164	14.4926	12.3346
439.3688	14.4695	12.3021
439.5212	14.3677	12.2457
439.6736	14.2932	11.9892
439.8260	14.2324	11.8575
439.9784	14.0166	11.9813
440.1308	13.8752	12.2929
440.2832	13.8148	12.1767
440.4356	13.7997	11.9153
440.5880	14.0714	11.9780
440.7404	14.3609	11.8579
440.8928	14.4504	11.8267
441.0452	14.4426	11.9343
441.1976	14.4175	12.6543
441.3500	14.4505	12.7042
441.5024	14.5576	13.2109
441.6548	14.6435	13.1162
441.8072	14.7630	12.9714
441.9596	14.8372	12.9351
442.1120	14.8166	12.9231
442.2644	14.8036	12.9298
442.4168	14.7872	13.0452
442.5692	15.0830	13.0584
442.7216	15.1584	13.0601
442.8740	15.0898	13.1095
443.0264	14.8612	13.5156
443.1788	14.2177	13.3657
443.3312	13.9343	13.1916
443.4836	13.9022	12.7412
443.6360	13.9078	12.8682
443.7884	13.8999	12.9108
443.9408	13.9102	12.6484
444.0932	14.0345	12.6201
444.2456	14.1677	12.4064
444.3980	13.8659	13.0174
444.5504	12.5390	12.1445
444.7028	12.3722	12.0451
444.8552	12.2359	13.3438
445.0076	12.4195	13.4658
445.1600	12.7183	13.3839
445.3124	13.0704	13.3881
445.4648	13.2535	12.9141
445.6172	13.5937	12.9289
445.7696	15.4725	13.0131
445.9220	14.9587	12.5433
446.0744	13.6834	14.0157
446.2268	13.0342	14.2119
446.3792	13.1857	14.2185
446.5316	13.4054	14.1891
446.6840	13.7871	12.6898
446.8364	13.6610	12.7050
446.9888	13.2229	12.4726
447.1412	14.0737	12.0454
447.2936	14.0680	11.9308
447.4460	14.0684	12.4054
447.5984	14.0370	12.7976
447.7508	13.6160	12.6269
447.9032	13.5955	12.4216
448.0556	13.9163	12.4299
448.2080	14.9842	13.2873
448.3604	14.1467	13.1538
448.5128	15.0769	13.2355
448.6652	15.0964	13.7124
448.8176	15.0922	13.7267
448.9700	15.0951	13.7969
449.1224	14.6987	13.7495
449.2748	12.7381	11.8866
449.4272	12.0250	11.4418
449.5796	12.3169	12.9023
449.7320	12.4991	12.9049
449.8844	12.8555	12.9690
450.0368	13.0988	13.1281
450.1892	13.8167	13.7287
450.3416	14.8289	14.3903
450.4940	14.1619	13.2341
450.6464	13.2133	12.1386
450.7988	13.0125	11.8460
450.9512	13.0317	11.8617
451.1036	13.1036	11.8905
451.2560	13.2502	12.0401
451.4084	13.0907	12.4253
451.5608	12.5788	12.6005
451.7132	12.9514	12.6739
451.8656	13.7911	12.9881
452.0180	14.0488	13.1306
452.1704	14.0717	13.1854
452.3228	14.1573	13.2988
452.4752	14.5537	13.0077
452.6276	14.5253	12.3666
452.7800	14.1232	13.0881
452.9324	14.6251	14.1309
453.0848	14.9356	14.3794
453.2372	14.9340	14.2806
453.3896	14.9984	13.6482
453.5420	14.3671	12.6738
453.6944	14.0294	12.3872
453.8468	14.4082	12.3671
453.9992	14.2434	12.1882
454.1516	14.1974	12.1883
454.3040	14.1128	12.2043
454.4564	14.0476	12.5724
454.6088	13.5917	12.9889
454.7612	13.2593	12.6874
454.9136	14.2423	12.3588
455.0660	14.6269	12.3492
455.2184	14.2722	12.3492
455.3708	14.0586	12.3544
455.5232	14.0280	12.5366
455.6756	13.8056	12.5512
455.8280	13.5358	12.2998
455.9804	13.2553	12.4542
456.1328	13.0912	12.6999
456.2852	13.0792	12.6625
456.4376	13.1068	12.3027
456.5900	13.0295	12.2102
456.7424	13.8165	13.2776
456.8948	14.3096	14.1691
457.0472	14.5909	14.7930
457.1996	14.8692	15.0294
457.3520	15.0955	14.8829
457.5044	14.3555	15.1494
457.6568	14.3489	15.1334
457.8092	15.2399	14.5243
457.9616	13.9335	14.2473
458.1140	13.4018	14.2763
458.2664	13.3695	14.2897
458.4188	13.0343	13.5641
458.5712	13.4816	12.1543
458.7236	14.2950	12.1333
458.8760	14.5846	12.2174
459.0284	15.0050	12.2470
459.1808	15.5596	12.3667
459.3332	15.7177	12.3923
459.4856	15.7559	12.5285
459.6380	15.7746	13.4159
459.7904	15.7529	13.1425
459.9428	15.7336	12.8518
460.0952	15.6379	11.7304
460.2476	15.3871	11.3579
460.4000	14.8798	11.4672
460.5524	14.3622	12.1165
460.7048	13.9112	13.3650
460.8572	14.0484	12.5878
461.0096	14.4054	12.3228
461.1620	14.9033	12.4209
461.3144	14.8947	13.2616
461.4668	15.1422	12.7940
461.6192	15.6373	13.0549
461.7716	15.7842	13.2753
461.9240	15.5495	12.8664
462.0764	14.3697	12.6461
462.2288	14.3031	12.6418
462.3812	14.3008	12.6420
462.5336	14.3297	12.7763
462.6860	13.2669	12.6371
462.8384	14.2801	12.2568
462.9908	15.1447	12.5246
463.1432	15.2778	13.3053
463.2956	14.5204	12.6764
463.4480	13.4249	13.3254
463.6004	13.3519	13.6928
463.7528	13.5837	13.5018
463.9052	14.4647	12.7192
464.0576	12.5955	11.9639
464.2100	12.3716	11.4243
464.3624	12.7135	11.5013
464.5148	12.5225	11.5194
464.6672	12.1719	11.5063
464.8196	11.6798	12.4063
464.9720	13.5505	12.5419
465.1244	14.0681	12.7030
465.2768	14.5941	14.6338
465.4292	13.8776	14.4622
465.5816	14.7652	13.5808
465.7340	14.4916	14.8317
465.8864	14.5573	14.9123
466.0388	14.5102	14.9418
466.1912	14.4996	14.9313
466.3436	13.6532	14.5428
466.4960	14.7610	14.0734
466.6484	14.1836	13.3726
466.8008	14.1839	12.6940
466.9532	15.3264	12.3051
467.1056	15.3790	12.2699
467.2580	15.4133	12.2392
467.4104	13.5854	12.9653
467.5628	14.4277	12.0443
467.7152	14.4693	12.7452
467.8676	14.4358	12.5286
468.0200	13.8618	12.2963
468.1724	13.0522	12.3934
468.3248	13.2078	13.6601
468.4772	13.4948	12.4325
468.6296	13.5139	13.1441
468.7820	13.4806	12.7157
468.9344	13.4849	12.6463
469.0868	13.4702	12.5678
469.2392	13.3898	12.4542
469.3916	13.4061	12.2658
469.5440	13.3475	13.3261
469.6964	13.2415	13.4311
469.8488	12.8234	13.8048
470.0012	12.9704	14.1131
470.1536	13.5639	13.7721
470.3060	15.6487	14.7651
470.4584	15.6880	15.2542
470.6108	15.6827	15.2665
470.7632	15.5858	14.9807
470.9156	13.6489	13.4896
471.0680	15.1290	14.2546
471.2204	15.7242	14.4170
471.3728	15.7902	15.2226
471.5252	15.7648	14.1992
471.6776	15.7902	11.5104
471.8300	15.6297	12.9181
471.9824	15.6940	13.2377
472.1348	15.6487	13.9267
472.2872	15.6547	14.0007
472.4396	15.7802	14.2977
472.5920	14.6207	15.1503
472.7444	13.6982	14.7273
472.8968	15.4043	15.0029
473.0492	15.5040	15.0181
473.2016	15.7091	15.2516
473.3540	15.7278	15.2591
473.5064	15.2934	15.2528
473.6588	14.7793	15.2554
473.8112	14.3534	15.2554
473.9636	15.7727	15.2549
474.1160	14.4421	13.2890
474.2684	14.8199	14.9686
474.4208	15.3013	15.2603
474.5732	15.2013	15.2554
474.7256	14.5037	15.2539
474.8780	12.5352	14.2288
475.0304	11.9796	13.4234
475.1828	13.2856	14.6012
475.3352	12.6199	13.3266
475.4876	13.8834	13.5972
475.6400	13.9041	14.0049
475.7924	14.3675	14.5790
475.9448	14.9062	13.8498
476.0972	14.9063	13.8007
476.2496	15.1756	14.1823
476.4020	13.0833	13.8044
476.5544	12.8900	12.5154
476.7068	14.7735	11.5740
476.8592	15.2701	12.2523
477.0116	15.2290	12.3139
477.1640	15.2467	12.3229
477.3164	15.1540	12.4761
477.4688	13.3755	12.3140
477.6212	13.8896	12.0666
477.7736	14.6311	13.1871
477.9260	14.9462	13.0851
478.0784	14.9941	13.0596
478.2308	14.9882	13.0463
478.3832	15.3784	12.7071
478.5356	12.9612	12.6417
478.6880	12.5488	12.2743
478.8404	12.9926	12.5506
478.9928	13.0477	13.0937
479.1452	12.9987	13.3250
479.2976	12.9403	13.0937
479.4500	13.0091	13.1777
479.6024	13.0449	12.8319
479.7548	13.5095	13.3851
479.9072	13.5183	14.3692
480.0596	13.8185	14.3858
480.2120	14.4257	13.7622
480.3644	13.7068	13.2884
480.5168	15.0160	12.4064
480.6692	15.5591	13.3424
480.8216	15.6243	13.6067
480.9740	15.6803	14.1928
481.1264	15.1290	14.0979
481.2788	15.7542	14.4878
481.4312	15.7542	13.6805
481.5836	15.7601	13.8294
481.7360	15.3459	14.2538
481.8884	15.3945	14.9429
482.0408	15.4253	14.8317
482.1932	15.3924	14.9610
482.3456	15.7714	15.2561
482.4980	15.4946	13.5858
482.6504	15.4365	13.5475
482.8028	15.7377	14.4574
482.9552	15.7602	15.1403
483.1076	15.7790	15.2565
483.2600	15.7902	15.2603
483.4124	15.7842	15.2516
483.5648	15.7902	15.2565
483.7172	15.7537	15.2510
483.8696	13.3739	12.6851
484.0220	13.5993	12.6376
484.1744	13.9322	14.0568
484.3268	14.0849	14.4049
484.4792	14.2238	14.4208
484.6316	14.5309	14.7147
484.7840	15.1150	15.0522
484.9364	15.3691	15.2329
485.0888	15.3980	15.2467
485.2412	15.7730	15.2553
485.3936	15.7355	14.9305
485.5460	15.7542	15.2329
485.6984	15.7519	15.2542
485.8508	15.2310	15.2565
486.0032	15.1798	15.2467
486.1556	15.3748	15.2393
486.3080	15.7715	15.2715
486.4604	15.7457	15.2418
486.6128	14.2822	15.1353
486.7652	14.2237	15.1391
486.9176	14.1841	15.1756
487.0700	14.1078	15.1553
487.2224	14.2680	15.2578
487.3748	14.7167	14.8125
487.5272	15.0833	15.2479
487.6796	14.8981	15.1515
487.8320	14.7128	14.9621
487.9844	15.7839	15.2552
488.1368	14.3779	14.7959
488.2892	13.8749	14.5106
488.4416	13.8912	14.5832
488.5940	14.0427	15.2367
488.7464	14.6884	15.2640
488.8988	15.7692	15.2554
489.0512	15.7692	15.2591
489.2036	15.6918	15.2114
489.3560	13.0519	14.1822
489.5084	11.8203	13.5565
489.6608	11.8719	12.8882
489.8132	12.1652	12.4019
489.9656	12.7238	12.5508
490.1180	12.0165	13.1277
490.2704	11.9839	13.3813
490.4228	12.0352	13.7223
490.5752	12.1535	13.4385
490.7276	12.0423	12.4193
490.8800	12.4955	12.9230
491.0324	13.6629	15.2490
491.1848	12.4644	15.0533
491.3372	12.4690	15.0533
491.4896	12.6818	15.0522
491.6420	12.5121	15.0436
491.7944	12.1875	15.2479
491.9468	13.9808	15.2565
492.0992	14.5365	15.2565
492.2516	13.4265	15.2591
492.4040	13.6980	15.2640
492.5564	14.6084	15.2591
492.7088	13.1811	15.2640
492.8612	13.0177	15.1455
493.0136	11.6598	15.0064
493.1660	13.0002	14.4393
493.3184	13.2490	13.2963
493.4708	13.3709	14.3104
493.6232	12.7873	14.1059
493.7756	12.7498	13.9389
493.9280	12.7457	13.8593
494.0804	12.7829	13.8046
494.2328	13.5136	13.3091
494.3852	12.7859	12.9569
494.5376	12.7486	13.9179
494.6900	13.4965	13.9430
494.8424	13.6590	13.9600
494.9948	14.1881	13.9991
495.1472	13.3857	13.4512
495.2996	14.4280	12.9910
495.4520	15.2702	13.7433
495.6044	15.4962	14.8921
495.7568	15.4425	15.2477
495.9092	15.4614	14.5858
496.0616	14.2923	13.6148
496.2140	13.8381	13.2416
496.3664	13.7924	12.8970
496.5188	13.0909	13.0847
496.6712	13.7696	13.0250
496.8236	14.4320	12.7805
496.9760	15.1880	13.4650
497.1284	15.5711	13.7390
497.2808	15.5631	14.0858
497.4332	14.3490	14.2577
497.5856	14.5616	14.2009
497.7380	14.0320	14.4613
497.8904	15.5553	15.1418
498.0428	15.7805	15.2591
498.1952	15.7663	15.2444
498.3476	15.7902	15.2603
498.5000	15.7842	15.2591
498.6524	15.7896	15.2596
498.8048	13.3602	12.7110
498.9572	12.0679	12.0043
499.1096	13.1502	13.1661
499.2620	13.5416	13.7801
499.4144	13.5503	14.0088
499.5668	13.5504	14.0253
499.7192	13.9695	15.0753
499.8716	14.3759	14.9635
500.0240	13.0744	14.0088
500.1764	13.0507	13.9959
500.3288	12.9881	13.9877
500.4812	12.9223	13.7800
500.6336	12.7814	13.4230
500.7860	12.8927	15.2239
500.9384	13.3358	13.4649
501.0908	13.3591	13.3508
501.2432	13.3605	13.3766
501.3956	12.8683	14.0412
501.5480	12.3391	13.8939
501.7004	11.9235	13.3311
501.8528	13.1842	15.0218
502.0052	14.0256	15.2292
502.1576	14.0482	15.2453
502.3100	12.6046	15.2515
502.4624	12.2575	14.9467
502.6148	12.2438	13.8988
502.7672	12.4827	13.6769
502.9196	12.3001	13.2493
503.0720	12.3221	13.3938
503.2244	12.4690	13.6728
503.3768	12.5695	13.6189
503.5292	12.7181	13.1570
503.6816	12.7375	13.2255
503.8340	12.7420	14.4888
503.9864	12.6228	14.6366
504.1388	12.5514	13.3222
504.2912	13.0774	13.0975
504.4436	13.0685	13.0122
504.5960	13.0507	12.8837
504.7484	13.2168	12.6031
504.9008	13.8655	13.5027
505.0532	13.7637	14.2890
505.2056	14.9903	15.1478
505.3580	15.7752	15.2565
505.5104	15.7752	15.2565
505.6628	15.7572	15.2418
505.8152	15.5705	15.2490
505.9676	13.1413	15.1584
506.1200	13.4438	12.4325
506.2724	12.7395	12.8789
506.4248	13.2432	12.2435
506.5772	13.2047	12.2080
506.7296	13.0047	11.9640
506.8820	13.5600	11.7001
507.0344	13.0033	12.0575
507.1868	14.3242	12.3669
507.3392	15.7677	13.6725
507.4916	15.6654	12.2874
507.6440	15.6714	12.2919
507.7964	15.6714	12.2919
507.9488	15.6711	12.2964
508.1012	14.5943	12.5417
508.2536	14.0320	13.3311
508.4060	15.4194	15.0409
508.5584	15.7827	15.2640
508.7108	15.7902	15.2640
508.8632	15.7420	15.2418
509.0156	14.7451	15.2416
509.1680	15.4483	15.2565
509.3204	14.6266	15.1960
509.4728	13.0147	12.7457
509.6252	12.3197	12.3753
509.7776	12.3209	12.3711
509.9300	12.3221	12.3669
510.0824	12.3037	12.6463
510.2348	12.3681	12.2879
510.3872	12.1651	13.5067
510.5396	12.1002	13.5151
510.6920	12.1651	13.6066
510.8444	12.1744	13.6149
510.9968	12.1698	13.6066
511.1492	12.5147	13.6728
511.3016	12.5603	13.4817
511.4540	12.4816	13.7425
511.6064	13.2285	14.5509
511.7588	13.6901	15.2280
511.9112	13.5851	15.2491
512.0636	13.5809	15.2491
512.2160	13.8359	15.2491
512.3684	15.3636	15.2603
512.5208	15.7827	15.2603
512.6732	15.7730	15.2254
512.8256	15.7655	15.0560
512.9780	15.7902	15.2640
513.1304	15.7842	15.2591
513.2828	15.7782	15.2467
513.4352	15.7752	15.2453
513.5876	15.7902	15.2603
513.7400	15.7902	15.2640
513.8924	15.7840	15.2591
514.0448	14.7289	15.2430
514.1972	14.9442	15.2479
514.3496	15.1053	15.2491
514.5020	15.3033	15.2329
514.6544	15.7552	15.2560
514.8068	13.0468	12.3202
514.9592	12.5337	11.9053
515.1116	12.4964	11.9135
515.2640	12.4964	11.9159
515.4164	12.5121	12.0272
515.5688	13.0089	12.5373
515.7212	13.3545	13.2988
515.8736	13.3707	13.2284
516.0260	13.3256	12.8723
516.1784	13.3167	12.7766
516.3308	13.2906	12.8086
516.4832	13.2636	12.8928
516.6356	13.2808	12.6073
516.7880	13.2624	12.0393
516.9404	13.1724	11.9304
517.0928	13.1670	11.8453
517.2452	13.2819	12.0753
517.3976	13.2321	12.3004
517.5500	13.2947	12.6470
517.7024	13.3161	12.9035
517.8548	13.2952	13.5361
518.0072	13.4619	13.5983
518.1596	13.4952	13.6097
518.3120	13.4966	13.7935
518.4644	13.3484	13.9712
518.6168	13.3017	14.1404
518.7692	13.4060	14.1688
518.9216	13.4317	14.0400
519.0740	13.2808	14.0075
519.2264	13.4815	13.7148
519.3788	13.6957	13.4537
519.5312	13.6705	13.4710
519.6836	13.6607	13.5067
519.8360	13.5934	13.4033
519.9884	13.2626	13.2278
520.1408	12.8814	13.4435
520.2932	13.0992	13.8563
520.4456	13.3220	13.3215
520.5980	13.4025	13.1861
520.7504	13.2382	13.1418
520.9028	12.9356	13.0319
521.0552	12.9313	12.9913
521.2076	12.9380	13.1807
521.3600	13.1341	13.3994
521.5124	13.0799	13.3038
521.6648	13.0649	13.5282
521.8172	13.0764	13.0869
521.9696	12.9384	13.1035
522.1220	12.8276	12.8461
522.2744	12.5854	12.5190
522.4268	12.5568	12.4746
522.5792	12.5435	12.6125
522.7316	12.7444	12.4976
522.8840	12.8987	12.7084
523.0364	12.8819	12.7765
523.1888	12.9581	12.7691
523.3412	12.9292	12.8711
523.4936	13.0102	12.8227
523.6460	12.7289	12.8334
523.7984	12.6801	12.8883
523.9508	12.5185	12.8032
524.1032	12.1757	12.7422
524.2556	12.0342	12.9471
524.4080	12.2929	12.8813
524.5604	11.9112	12.8259
524.7128	11.9024	12.8189
524.8652	11.9027	12.8200
525.0176	11.9025	12.7157
525.1700	11.8645	12.3801
525.3224	11.8370	12.3575
525.4748	12.0264	12.5962
525.6272	12.1019	12.7091
525.7796	12.1217	12.7183
525.9320	12.2949	12.6377
526.0844	12.3222	12.4624
526.2368	11.8963	12.4573
526.3892	11.8987	12.5180
526.5416	11.8281	12.4164
526.6940	11.7525	12.4126
526.8464	11.8123	12.4054
526.9988	12.0138	12.6701
527.1512	12.4679	13.3097
527.3036	12.8120	13.6746
527.4560	12.9355	13.7216
527.6084	12.9482	13.4061
527.7608	12.6572	12.9935
527.9132	12.3691	13.4512
528.0656	12.2083	13.3904
528.2180	12.2195	12.6220
528.3704	12.3349	12.3582
528.5228	12.5337	12.0830
528.6752	12.6700	11.9192
528.8276	12.5405	12.1192
528.9800	12.4271	12.2341
529.1324	12.4662	12.3291
529.2848	12.6289	12.4952
529.4372	12.7202	12.7262
529.5896	12.7499	13.0830
529.7420	12.7637	13.0976
529.8944	12.4453	12.7645
530.0468	12.2298	12.3447
530.1992	12.3250	12.1123
530.3516	12.4521	12.1616
530.5040	12.3408	12.2548
530.6564	12.1848	12.2788
530.8088	12.0913	12.3601
530.9612	12.0748	12.3254
531.1136	12.2256	12.2725
531.2660	12.2905	12.2472
531.4184	12.2952	12.2173
531.5708	12.3674	12.2238
531.7232	12.4122	12.2271
531.8756	12.2466	12.3548
532.0280	12.2615	12.4571
532.1804	12.3275	12.4599
532.3328	12.3422	12.4074
532.4852	12.2805	12.3014
532.6376	12.2170	12.6543
532.7900	12.6311	12.6592
532.9424	13.5489	12.9078
533.0948	13.8778	13.1821
533.2472	13.4560	13.1872
533.3996	13.2921	13.4178
533.5520	13.7705	12.9230
533.7044	13.6958	13.4110
533.8568	13.6549	12.8750
534.0092	13.9180	12.7611
534.1616	14.2471	12.6548
534.3140	14.4219	12.7237
534.4664	13.5233	13.4199
534.6188	12.7970	13.1998
534.7712	13.1613	13.4367
534.9236	13.7226	14.0274
535.0760	13.5595	14.4286
535.2284	13.1904	14.0224
535.3808	12.9662	13.7778
535.5332	12.4580	13.5774
535.6856	12.2776	12.6796
535.8380	12.1489	12.3798
535.9904	12.1782	12.4780
536.1428	12.2490	12.3978
536.2952	12.2901	12.2793
536.4476	12.3356	12.2620
536.6000	12.3446	12.2496
536.7524	12.6992	12.3186
536.9048	12.8080	12.2919
537.0572	12.8258	12.3285
537.2096	13.0733	12.4343
537.3620	13.2271	12.4599
537.5144	13.2718	12.4619
537.6668	13.7675	12.4875
537.8192	13.3184	13.1486
537.9716	13.5040	13.7979
538.1240	13.9937	13.8743
538.2764	14.1537	13.8088
538.4288	14.1637	13.8358
538.5812	13.6034	13.6599
538.7336	12.9722	12.7186
538.8860	13.2872	12.2276
539.0384	13.7832	12.5747
539.1908	13.8045	12.6479
539.3432	13.7298	12.5492
539.4956	13.0721	12.2001
539.6480	12.2022	11.8269
539.8004	12.2110	11.7910
539.9528	12.5899	11.8530
540.1052	12.8956	11.8060
540.2576	13.1699	11.8182
540.4100	13.1961	12.0011
540.5624	12.6200	12.4728
540.7148	12.2021	13.2073
540.8672	12.1971	14.2706
541.0196	12.2032	14.6228
541.1720	12.5685	13.8025
541.3244	13.3162	12.8749
541.4768	12.3454	12.4017
541.6292	12.2290	12.3977
541.7816	12.2616	12.4234
541.9340	12.2622	12.4280
542.0864	12.3307	12.4648
542.2388	12.4480	12.5348
542.3912	12.3286	12.4106
542.5436	12.2183	12.4192
542.6960	12.2098	12.2859
542.8484	12.2021	12.2425
543.0008	12.2088	12.3513
543.1532	12.2243	12.3547
543.3056	12.2554	12.3289
543.4580	12.3870	12.4693
543.6104	12.4034	12.6060
543.7628	12.3860	12.6447
543.9152	12.4253	12.6542
544.0676	12.4792	12.6848
544.2200	12.7716	12.6362
544.3724	13.2305	12.4365
544.5248	13.5474	12.1460
544.6772	13.8485	12.0860
544.8296	13.3982	12.2610
544.9820	12.5317	12.3837
545.1344	12.3320	12.3994
545.2868	12.2397	12.3309
545.4392	12.2041	12.3878
545.5916	12.3947	13.0060
545.7440	12.8944	13.4607
545.8964	12.3613	12.4852
546.0488	12.4286	12.5178
546.2012	12.4392	12.4973
546.3536	12.4798	12.4377
546.5060	12.5465	12.4415
546.6584	12.7130	12.6923
546.8108	13.2091	12.7271
546.9632	12.4833	12.8680
547.1156	12.2424	12.7869
547.2680	12.2816	12.0702
547.4204	12.2008	12.0582
547.5728	12.1930	12.0971
547.7252	12.2096	12.2426
547.8776	12.2579	11.9981
548.0300	12.2579	12.1197
548.1824	12.2893	12.2232
548.3348	12.3537	12.2651
548.4872	12.3012	12.2332
548.6396	12.3529	12.2295
548.7920	12.3465	12.5625
548.9444	12.4024	12.6482
549.0968	13.6016	12.3652
549.2492	13.9505	12.1045
549.4016	14.0220	12.0095
549.5540	14.0740	11.9952
549.7064	14.1034	12.0261
549.8588	13.8446	12.9650
550.0112	13.1288	13.7648
550.1636	12.6020	14.3651
550.3160	12.3906	13.7966
550.4684	12.3328	12.6904
550.6208	12.8010	12.3681
550.7732	13.5646	12.2557
550.9256	14.0597	12.2876
551.0780	14.3876	12.4585
551.2304	13.8708	12.6746
551.3828	12.5928	12.7207
551.5352	12.6935	12.6057
551.6876	13.1337	12.7189
551.8400	12.8518	13.2299
551.9924	12.9261	13.0849
552.1448	12.9527	12.8779
552.2972	13.0800	12.6909
552.4496	12.9248	12.5963
552.6020	13.0979	12.9885
552.7544	13.9287	13.7229
552.9068	13.7757	14.6066
553.0592	13.9651	15.2629
553.2116	15.1973	15.2636
553.3640	15.4130	15.2505
553.5164	14.0620	15.2157
553.6688	13.8534	14.6839
553.8212	13.5663	14.8197
553.9736	13.6323	14.8529
554.1260	13.7285	14.3884
554.2784	13.7489	13.4062
554.4308	13.3652	13.0406
554.5832	13.0819	13.1754
554.7356	13.0729	13.4341
554.8880	13.0532	13.5929
555.0404	12.8680	13.9728
555.1928	14.2579	14.4092
555.3452	14.5923	14.3375
555.4976	13.5956	13.7928
555.6500	13.3556	13.1898
555.8024	13.3014	13.1223
555.9548	13.2822	13.2138
556.1072	13.2025	13.2283
556.2596	13.5314	13.1762
556.4120	14.0897	12.9221
556.5644	13.4795	12.7578
556.7168	13.4089	12.8321
556.8692	13.4504	13.0519
557.0216	13.4819	13.0643
557.1740	13.4885	13.0287
557.3264	13.7420	12.8559
557.4788	13.1077	12.4690
557.6312	14.1447	13.3517
557.7836	14.9541	13.7984
557.9360	15.0362	13.8869
558.0884	15.4813	14.5153
558.2408	14.7381	13.3069
558.3932	13.8983	14.5206
558.5456	13.9903	14.8555
558.6980	14.3098	15.1455
558.8504	14.3826	15.2287
559.0028	14.0477	15.2627
559.1552	13.3623	14.6500
559.3076	13.5294	13.0976
559.4600	13.8334	12.7745
559.6124	14.2903	13.1110
559.7648	15.2930	13.8281
559.9172	15.4792	13.7544
560.0696	15.1308	13.7949
560.2220	14.9682	14.1051
560.3744	12.8263	12.6782
560.5268	13.2951	12.4618
560.6792	13.1878	12.3908
560.8316	13.1855	12.4008
560.9840	13.2038	12.5132
561.1364	13.3061	12.5757
561.2888	13.2753	12.5811
561.4412	13.1086	12.7173
561.5936	13.0537	12.8039
561.7460	12.8750	12.8528
561.8984	12.9043	12.9532
562.0508	14.0645	13.0941
562.2032	14.3473	12.6690
562.3556	14.0258	12.7356
562.5080	13.8861	12.7407
562.6604	13.5487	12.5688
562.8128	13.1866	12.5015
562.9652	13.4882	12.7706
563.1176	13.1688	13.3131
563.2700	12.7659	13.3288
563.4224	12.7816	13.3030
563.5748	12.8396	13.3363
563.7272	12.9810	13.3365
563.8796	13.1094	13.3095
564.0320	13.1489	13.0826
564.1844	14.6916	13.4043
564.3368	15.4756	13.5067
564.4892	15.5276	13.6071
564.6416	15.5149	14.1236
564.7940	15.5960	13.6688
564.9464	15.4224	13.1261
565.0988	14.6093	13.5605
565.2512	14.4588	13.3955
565.4036	13.8992	13.4435
565.5560	12.8242	13.7070
565.7084	12.7618	13.6370
565.8608	13.1514	13.8804
566.0132	13.3562	13.9248
566.1656	13.2654	13.8212
566.3180	13.1860	13.5122
566.4704	13.1580	13.4082
566.6228	13.1533	13.3665
566.7752	13.1531	13.4140
566.9276	13.2715	13.6146
567.0800	13.2571	13.1308
567.2324	13.2537	13.0579
567.3848	13.2653	13.1447
567.5372	13.4077	13.3467
567.6896	13.4244	13.6060
567.8420	14.2208	13.9717
567.9944	14.6713	13.9807
568.1468	14.5078	13.9825
568.2992	14.4645	14.0074
568.4516	14.4821	14.0056
568.6040	14.4813	14.0070
568.7564	15.3084	13.6532
568.9088	14.3942	13.1965
569.0612	12.9160	14.0236
569.2136	12.8673	14.8916
569.3660	13.1636	15.0878
569.5184	13.2418	15.1309
569.6708	14.0081	15.2119
569.8232	15.1484	15.2636
569.9756	15.1033	15.2683
570.1280	14.3456	15.2613
570.2804	14.0858	15.1450
570.4328	14.0929	14.9856
570.5852	14.0268	15.0303
570.7376	13.7959	14.9853
570.8900	13.6387	14.8686
571.0424	13.6428	14.6894
571.1948	13.6255	14.2908
571.3472	13.8565	14.3082
571.4996	14.0717	14.2980
571.6520	14.0655	14.2622
571.8044	14.1348	14.3638
571.9568	14.2031	14.3984
572.1092	13.9829	14.1787
572.2616	13.8153	14.0640
572.4140	13.9048	14.0376
572.5664	14.0112	14.2377
572.7188	14.0576	14.1937
572.8712	13.8592	14.2109
573.0236	13.7221	14.2459
573.1760	13.4828	13.5722
573.3284	13.1971	13.2829
573.4808	12.4365	12.9197
573.6332	12.3571	12.0631
573.7856	12.4200	12.1303
573.9380	12.7755	12.1617
574.0904	13.1704	12.2237
574.2428	13.2495	12.6760
574.3952	13.1122	13.7379
574.5476	12.8050	14.1643
574.7000	14.1863	15.2030
574.8524	14.2220	14.4861
575.0048	14.3428	13.6394
575.1572	14.5545	13.4413
575.3096	13.6661	12.8652
575.4620	14.1895	12.5431
575.6144	14.4589	12.9000
575.7668	14.1901	13.1528
575.9192	14.1469	13.2651
576.0716	13.9858	13.1181
576.2240	13.6910	12.8273
576.3764	14.0245	13.3937
576.5288	15.0958	14.6035
576.6812	15.5157	14.3774
576.8336	15.7398	14.0376
576.9860	15.7736	13.9431
577.1384	15.7686	13.8855
577.2908	15.7742	14.0120
577.4432	15.7746	13.2322
577.5956	13.3594	12.2013
577.7480	13.6076	12.7757
577.9004	14.2110	14.1955
578.0528	14.3705	15.0049
578.2052	14.3746	15.1347
578.3576	14.3496	15.2263
578.5100	13.9218	15.2672
578.6624	13.5841	15.2678
578.8148	14.1503	15.2593
578.9672	13.8652	14.6249
579.1196	13.6559	14.3470
579.2720	13.6554	14.2833
579.4244	13.5366	13.7871
579.5768	13.3700	13.6657
579.7292	12.6895	13.4012
579.8816	12.9317	12.8604
580.0340	13.2051	12.8589
580.1864	13.1706	13.0527
580.3388	13.1726	13.1058
580.4912	13.2305	12.9814
580.6436	13.1850	12.9128
580.7960	13.1258	13.1001
580.9484	13.0830	13.2758
581.1008	12.9297	12.9618
581.2532	12.8645	12.6439
581.4056	12.8454	12.6991
581.5580	12.6323	12.3319
581.7104	12.5379	11.9283
581.8628	12.6983	12.1158
582.0152	12.8246	12.2283
582.1676	12.8697	12.1465
582.3200	12.6669	12.1111
582.4724	12.4047	12.1233
582.6248	12.5353	12.0985
582.7772	12.9434	12.1174
582.9296	13.1837	12.0834
583.0820	13.4300	11.8501
583.2344	14.6641	11.6638
583.3868	14.9910	11.6963
583.5392	14.9768	11.7686
583.6916	14.8328	11.7922
583.8440	13.9723	11.7197
583.9964	12.5992	11.4629
584.1488	13.0235	11.6946
584.3012	13.4588	11.8418
584.4536	12.6142	12.0101
584.6060	12.3274	12.0051
584.7584	12.3644	12.0358
584.9108	12.7503	12.0468
585.0632	13.9119	11.9289
585.2156	13.1940	12.0084
585.3680	13.2414	12.0587
585.5204	13.2408	12.0675
585.6728	13.2516	12.0664
585.8252	13.3204	11.9702
585.9776	13.5728	11.8715
586.1300	13.8632	13.3554
586.2824	13.5206	12.9855
586.4348	13.7423	13.5643
586.5872	13.7735	13.7425
586.7396	13.7696	13.7496
586.8920	13.9043	14.0246
587.0444	15.3786	12.3049
587.1968	14.0485	12.9725
587.3492	12.8925	12.3994
587.5016	12.7478	12.3559
587.6540	12.8103	12.3354
587.8064	12.8194	12.2954
587.9588	12.8572	12.2980
588.1112	12.8059	12.2160
588.2636	12.7587	12.1483
588.4160	12.7494	12.0766
588.5684	12.7283	12.1609
588.7208	12.7189	12.2011
588.8732	12.7038	12.1184
589.0256	12.6923	12.1074
589.1780	12.7488	12.0435
589.3304	12.8188	12.1490
589.4828	12.7873	12.3994
589.6352	12.7440	12.4895
589.7876	12.7703	12.5023
589.9400	12.7662	12.4843
590.0924	12.7252	12.3608
590.2448	12.7101	12.2383
590.3972	12.7053	12.2225
590.5496	12.7001	12.2395
590.7020	12.6831	12.2372
590.8544	12.7154	12.2577
591.0068	12.6924	12.2502
591.1592	12.6945	12.2120
591.3116	12.6136	12.2011
591.4640	12.5901	12.0472
591.6164	12.6705	12.1743
591.7688	12.6147	12.1932
591.9212	12.6101	12.2406
592.0736	12.6410	12.2919
592.2260	12.7101	12.2919
592.3784	12.7147	12.3334
592.5308	12.6847	12.2677
592.6832	12.6687	12.2610
592.8356	12.6847	12.2234
592.9880	12.6278	12.2243
593.1404	12.6310	12.2047
593.2928	12.6525	12.1518
593.4452	12.5383	12.1243
593.5976	12.4896	12.0977
593.7500	12.5103	12.1545
593.9024	12.4757	12.1888
594.0548	12.4167	12.0918
594.2072	12.3795	12.0282
594.3596	12.3450	12.0213
594.5120	12.3389	12.0151
594.6644	12.3514	11.9774
594.8168	12.3580	11.9752
594.9692	12.3655	12.0208
595.1216	12.3662	12.1019
595.2740	12.4021	12.2847
595.4264	12.4635	12.4583
595.5788	12.4598	12.6623
595.7312	12.6730	13.3166
595.8836	13.2750	14.0927
596.0360	13.5266	13.6082
596.1884	13.5785	13.7092
596.3408	13.2459	14.5278
596.4932	12.2671	14.5173
596.6456	12.1838	13.5271
596.7980	12.0761	12.3514
596.9504	11.9359	11.6254
597.1028	12.0092	11.6598
597.2552	12.0724	11.6817
597.4076	12.2129	11.8519
597.5600	12.2117	12.0879
597.7124	12.2282	12.2309
597.8648	12.2145	12.2005
598.0172	12.2550	12.0701
598.1696	12.2916	12.0522
598.3220	12.3355	11.9929
598.4744	12.4402	12.0388
598.6268	12.6597	12.0509
598.7792	12.6979	12.0423
598.9316	12.9707	12.0006
599.0840	12.8585	11.9097
599.2364	13.2559	11.9144
599.3888	13.6240	12.2736
599.5412	13.3681	12.9571
599.6936	12.9316	13.2941
599.8460	12.8764	13.3911
599.9984	12.4881	13.2860
600.1508	11.9054	12.8271
600.3032	11.9218	12.5261
600.4556	12.2325	12.4965
600.6080	12.5605	12.3534
600.7604	12.3001	12.0805
600.9128	12.3074	12.1207
601.0652	12.2850	12.1252
601.2176	12.2236	12.1499
601.3700	12.2429	12.0275
601.5224	12.2993	12.1485
601.6748	12.4004	12.5497
601.8272	12.4804	12.6003
601.9796	12.4628	12.4577
602.1320	12.4594	12.5523
602.2844	12.4761	12.7684
602.4368	12.6014	12.2437
602.5892	12.9042	13.1270
602.7416	12.4236	13.3888
602.8940	12.4742	13.3505
603.0464	12.4614	12.8909
603.1988	12.2906	13.0356
603.3512	12.2302	12.9971
603.5036	12.2545	13.2835
603.6560	12.2638	13.3731
603.8084	12.4043	13.5156
603.9608	12.6005	13.5075
604.1132	12.3916	12.2353
604.2656	12.5513	11.9399
604.4180	12.5732	11.9714
604.5704	12.6170	12.0733
604.7228	12.6742	12.4493
604.8752	12.5263	12.7134
605.0276	12.3984	12.7495
605.1800	12.2373	13.6094
605.3324	12.0883	13.7909
605.4848	12.0707	13.5080
605.6372	12.1062	14.1036
605.7896	12.1539	14.4947
605.9420	12.1748	14.8770
606.0944	12.1990	14.4257
606.2468	12.5674	14.1381
606.3992	12.5229	13.8261
606.5516	12.3572	13.5637
606.7040	12.3014	13.4605
606.8564	12.3312	13.2989
607.0088	12.8674	12.5274
607.1612	13.7715	12.6337
607.3136	13.9140	14.0743
607.4660	14.6700	14.4893
607.6184	14.9559	14.4867
607.7708	14.5053	13.9499
607.9232	12.1758	12.5429
608.0756	12.2326	12.2541
608.2280	12.8956	13.2034
608.3804	13.3707	14.1568
608.5328	11.7615	14.2314
608.6852	12.0509	14.0233
608.8376	12.6480	13.2888
608.9900	10.9604	12.2799
609.1424	10.8108	12.1969
609.2948	10.8459	12.1754
609.4472	11.7386	12.7152
609.5996	13.1418	14.1191
609.7520	13.7510	14.0193
609.9044	14.0348	13.2422
610.0568	13.9370	13.2356
610.2092	13.6851	13.1323
610.3616	13.8321	12.9531
610.5140	14.2462	12.9777
610.6664	13.4060	13.6876
610.8188	12.4932	14.0282
610.9712	12.4834	13.5913
611.1236	12.6123	13.3655
611.2760	12.4638	13.3662
611.4284	12.2875	13.6641
611.5808	12.8477	13.6391
611.7332	13.0628	13.3779
611.8856	13.1538	13.3042
612.0380	13.2317	13.2985
612.1904	13.2176	13.2996
612.3428	13.1121	13.1967
612.4952	13.1387	12.9741
612.6476	13.0520	12.7854
612.8000	13.1122	12.6640
612.9524	12.6172	12.5680
613.1048	12.5352	12.5675
613.2572	12.5856	12.7346
613.4096	12.7964	12.6433
613.5620	12.9942	12.5248
613.7144	13.0065	12.5496
613.8668	12.9790	12.6358
614.0192	12.9532	12.7337
614.1716	13.1490	12.8282
614.3240	13.2785	13.3368
614.4764	13.1828	12.8015
614.6288	13.1913	12.7714
614.7812	13.1931	12.8199
614.9336	13.1857	12.8123
615.0860	13.2075	12.8230
615.2384	13.2272	12.9267
615.3908	13.1670	12.9194
615.5432	13.2036	12.9021
615.6956	13.2691	12.8778
615.8480	13.3028	12.8106
616.0004	13.3709	12.7550
616.1528	13.2517	12.7544
616.3052	13.2019	12.7014
616.4576	13.0966	12.5970
616.6100	12.9518	12.5252
616.7624	12.9485	12.6033
616.9148	12.9471	12.6724
617.0672	12.8995	12.7061
617.2196	12.8926	12.7713
617.3720	12.8894	13.2449
617.5244	12.7795	12.7460
617.6768	12.7246	12.5325
617.8292	12.7398	12.5599
617.9816	12.7500	12.6062
618.1340	12.8119	12.6342
618.2864	12.8456	12.6939
618.4388	12.7775	12.4605
618.5912	12.7721	12.6460
618.7436	12.7411	12.6138
618.8960	13.0933	12.7009
619.0484	13.1457	12.9555
619.2008	13.5067	13.8364
619.3532	13.5546	13.6957
619.5056	13.5750	13.4304
619.6580	13.1186	12.8387
619.8104	12.9569	12.5173
619.9628	12.6841	12.4145
620.1152	12.7265	12.4857
620.2676	12.7397	12.5224
620.4200	12.7432	12.4853
620.5724	12.7850	12.3987
620.7248	12.8161	12.4883
620.8772	12.8613	12.6823
621.0296	12.8723	12.6805
621.1820	12.8312	12.6605
621.3344	12.8485	12.6073
621.4868	12.7726	12.6375
621.6392	12.5214	12.7350
621.7916	12.2590	12.7391
621.9440	12.2155	12.7962
622.0964	12.4718	12.8258
622.2488	12.6461	12.8183
622.4012	12.6603	12.8657
622.5536	12.6695	12.7407
622.7060	12.5895	12.6841
622.8584	12.3272	13.1917
623.0108	12.4152	13.8486
623.1632	12.6719	13.7641
623.3156	12.7224	13.6359
623.4680	12.7012	13.5365
623.6204	12.7233	14.3281
623.7728	12.7013	14.2464
623.9252	12.8205	14.9064
624.0776	13.2003	15.2134
624.2300	13.3746	15.2611
624.3824	13.5118	15.1621
624.5348	13.7326	15.2191
624.6872	14.3888	15.2715
624.8396	15.7902	15.2715
624.9920	15.8146	15.2711
625.1444	12.1964	14.5972
625.2968	12.2531	13.4105
625.4492	12.5624	13.2665
625.6016	12.7770	13.1695
625.7540	13.0921	12.7587
625.9064	12.7903	12.1150
626.0588	12.6789	12.0136
626.2112	13.2444	13.2794
626.3636	12.9150	13.5514
626.5160	12.9403	13.4984
626.6684	12.9985	13.4607
626.8208	12.9553	13.2413
626.9732	12.7846	13.3171
627.1256	12.8310	13.1740
627.2780	12.8310	13.2543
627.4304	12.7903	13.1230
627.5828	12.5421	13.0429
627.7352	12.5741	13.8294
627.8876	12.6728	13.9554
628.0400	12.6878	14.2981
628.1924	12.8594	13.5648
628.3448	12.9015	13.1184
628.4972	12.7484	13.0930
628.6496	12.7723	13.3385
628.8020	12.6818	13.1146
628.9544	12.7184	13.1993
629.1068	13.3914	13.1231
629.2592	13.3898	13.2288
629.4116	13.4264	13.6186
629.5640	13.3718	13.9012
629.7164	12.4781	13.3055
629.8688	12.3806	13.3471
630.0212	12.3773	13.3896
630.1736	12.3347	13.4649
630.3260	12.2853	14.5320
630.4784	12.6787	13.9924
630.6308	12.7964	13.6772
630.7832	12.9484	14.1892
630.9356	13.8978	13.3007
631.0880	13.4497	13.1783
631.2404	12.9911	12.5847
631.3928	12.9389	11.8299
631.5452	12.9526	11.6736
631.6976	13.0786	12.2351
631.8500	12.3911	13.2080
632.0024	12.3702	12.6372
632.1548	12.3222	12.6464
632.3072	12.4405	12.7547
632.4596	12.8562	13.3804
632.6120	14.9777	14.9688
632.7644	14.0464	13.2625
632.9168	12.4664	12.4804
633.0692	12.3243	12.4499
633.2216	12.3749	12.5238
633.3740	12.4726	11.9246
633.5264	13.0457	13.3334
633.6788	14.9317	12.1991
633.8312	14.0084	12.0754
633.9836	13.7201	12.4149
634.1360	13.2091	12.5722
634.2884	13.0865	12.9395
634.4408	13.3492	12.8497
634.5932	13.7306	12.9354
634.7456	13.6425	13.2457
634.8980	13.4831	13.7266
635.0504	13.1292	15.0730
635.2028	12.7935	13.3633
635.3552	12.7466	13.2041
635.5076	12.7692	13.2295
635.6600	12.7588	13.2754
635.8124	12.7194	13.2461
635.9648	12.6455	12.7846
636.1172	12.6486	12.6894
636.2696	12.2896	12.8537
636.4220	11.7432	12.3838
636.5744	11.7028	11.7446
636.7268	11.6886	11.7177
636.8792	11.4903	11.8210
637.0316	11.4848	12.0440
637.1840	11.7010	11.8615
637.3364	11.9641	12.0045
637.4888	11.7395	12.7250
637.6412	11.7891	14.4506
637.7936	11.7489	14.5154
637.9460	11.7263	14.5085
638.0984	11.6728	14.6321
638.2508	11.9980	14.8279
638.4032	12.3316	15.1441
638.5556	12.8321	15.2713
638.7080	12.2945	14.9468
638.8604	12.3496	15.0533
639.0128	12.0630	15.0609
639.1652	12.0272	15.0765
639.3176	12.0630	15.0217
639.4700	11.9516	12.4719
639.6224	12.6229	12.3359
639.7748	12.9645	12.2875
639.9272	13.2858	12.3974
640.0796	13.2888	12.4104
640.2320	13.5362	12.4106
640.3844	14.7534	12.4368
640.5368	15.4482	12.1379
640.6892	14.8620	13.2288
640.8416	14.8941	13.6675
640.9940	14.9043	13.7592
641.1464	15.0705	14.6309
641.2988	13.4797	14.3930
641.4512	14.8735	14.4730
641.6036	13.5748	14.5820
641.7560	13.4425	14.4158
641.9084	13.6659	14.2737
642.0608	13.8066	14.2329
642.2132	14.2332	14.2462
642.3656	12.7012	13.6436
642.5180	12.5558	13.0125
642.6704	12.4679	12.8410
642.8228	12.7455	13.3473
642.9752	13.3035	13.8081
643.1276	13.5124	13.8034
643.2800	13.8036	13.9271
643.4324	13.5704	14.7341
643.5848	13.3914	14.8343
643.7372	13.3370	14.5403
643.8896	15.7780	15.2653
644.0420	15.3362	15.1343
644.1944	15.7752	15.2677
644.3468	15.7902	15.2752
644.4992	15.7842	15.2628
644.6516	15.7902	15.2677
644.8040	15.7782	15.2542
644.9564	15.7860	15.2710
645.1088	14.7626	14.3118
645.2612	13.0565	13.9513
645.4136	12.8791	12.8575
645.5660	12.7937	12.6546
645.7184	13.0730	12.6507
645.8708	13.0209	13.0764
646.0232	13.1324	12.6553
646.1756	13.3318	13.2293
646.3280	14.1186	12.8110
646.4804	14.1733	13.6348
646.6328	14.1289	13.1533
646.7852	14.1314	13.3301
646.9376	14.4751	12.9784
647.0900	14.5167	12.9568
647.2424	15.3684	12.6417
647.3948	14.7915	13.2574
647.5472	14.7162	12.9183
647.6996	13.8980	12.7546
647.8520	14.0426	13.1740
648.0044	14.0655	13.1956
648.1568	14.0275	13.2958
648.3092	12.8686	12.8244
648.4616	13.3111	14.1451
648.6140	14.0672	15.0782
648.7664	12.5376	13.9028
648.9188	12.7013	13.5109
649.0712	12.7271	13.5020
649.2236	12.7317	13.6064
649.3760	12.7151	14.3932
649.5284	13.1683	13.0157
649.6808	14.0382	12.6983
649.8332	13.7885	12.9098
649.9856	14.2697	12.8836
650.1380	14.2718	12.6898
650.2904	14.7210	12.7758
650.4428	14.8913	12.1866
650.5952	13.0952	13.4313
650.7476	12.8310	14.1374
650.9000	12.8175	14.2217
651.0524	12.8231	14.2346
651.2048	12.1859	14.3523
651.3572	12.0162	14.0490
651.5096	13.5661	14.8269
651.6620	13.7909	15.1316
651.8144	13.7376	15.1493
651.9668	13.7495	15.1741
652.1192	13.6795	15.2666
652.2716	15.0118	15.2664
652.4240	14.4668	15.0115
652.5764	14.4546	14.9925
652.7288	14.9415	14.9697
652.8812	13.3738	15.1654
653.0336	13.3105	15.0285
653.1860	12.9582	15.2709
653.3384	12.9043	14.1532
653.4908	12.7013	12.0843
653.6432	12.7149	12.5770
653.7956	12.7213	13.0845
653.9480	12.7303	13.4053
654.1004	12.6651	13.3095
654.2528	12.9194	12.8622
654.4052	12.7303	13.5179
654.5576	12.6822	13.0596
654.7100	13.4591	13.7882
654.8624	14.2070	13.6887
655.0148	14.4401	13.6553
655.1672	14.3793	12.9393
655.3196	13.1419	11.8621
655.4720	14.6275	13.7386
655.6244	15.7468	13.0550
655.7768	15.7902	13.1321
655.9292	15.7865	13.3981
656.0816	15.7902	13.6239
656.2340	15.7842	15.0485
656.3864	15.7799	15.2663
656.5388	14.5019	14.6793
656.6912	14.3779	13.9834
656.8436	13.9874	13.3050
656.9960	13.9852	13.3023
657.1484	13.9598	13.3223
657.3008	14.3258	14.0334
657.4532	14.7592	14.5044
657.6056	14.8369	14.7959
657.7580	14.0421	14.7914
657.9104	13.4854	14.7213
658.0628	12.4984	13.7602
658.2152	13.2196	12.7142
658.3676	14.2274	12.4164
658.5200	14.2052	12.6897
658.6724	13.8646	12.7559
658.8248	9.7217	9.9264
658.9772	9.4069	8.4933
659.1296	8.9976	7.6944
659.2820	7.4341	6.6543
659.4344	6.1166	5.8400
659.5868	4.6652	4.4895
659.7392	4.3822	4.2108
659.8916	3.9108	3.7719
660.0440	3.9123	3.7749
660.1964	3.9081	3.7729
660.3488	3.9121	3.7815
660.5012	3.9134	3.7664
660.6536	3.9094	3.7645
660.8060	3.9094	3.7645
660.9584	3.9089	3.7634
661.1108	3.9102	3.7631
661.2632	3.9070	3.7634
661.4156	3.9108	3.7651
661.5680	3.9108	3.7651
661.7204	3.9108	3.7629
661.8728	3.9108	3.7651
662.0252	3.9123	3.7659
662.1776	3.9121	3.7658
662.3300	3.9081	3.7639
662.4824	3.9081	3.7639

